0 0.19199
1 0.19199
2 0.19199
3 0.19199
4 0.19199
5 0.19199
6 0.19199
7 0.19199
8 0.19199
9 0.19199
10 0.19199
11 0.19199
12 0.19199
13 0.19199
14 0.19199
15 0.19199
16 0.19373
17 0.19373
18 0.19373
19 0.19373
20 0.19373
21 0.19373
22 0.19373
23 0.19373
24 0.19548
25 0.19548
26 0.19548
27 0.19548
28 0.19548
29 0.19548
30 0.19722
31 0.19722
32 0.19722
33 0.19722
34 0.19897
35 0.19897
36 0.19897
37 0.19897
38 0.20071
39 0.20071
40 0.20071
41 0.20071
42 0.20246
43 0.20246
44 0.20246
45 0.20246
46 0.20420
47 0.20420
48 0.20420
49 0.20595
50 0.20595
51 0.20595
52 0.20769
53 0.20769
54 0.20769
55 0.20944
56 0.20944
57 0.20944
58 0.21118
59 0.21118
60 0.21118
61 0.21293
62 0.21293
63 0.21293
64 0.21468
65 0.21468
66 0.21468
67 0.21468
68 0.21642
69 0.21642
70 0.21642
71 0.21817
72 0.21817
73 0.21991
74 0.21991
75 0.21991
76 0.22166
77 0.22166
78 0.22166
79 0.22340
80 0.22340
81 0.22340
82 0.22515
83 0.22515
84 0.22515
85 0.22689
86 0.22689
87 0.22689
88 0.22864
89 0.22864
90 0.22864
91 0.23038
92 0.23038
93 0.23213
94 0.23213
95 0.23213
96 0.23387
97 0.23387
98 0.23387
99 0.23562
100 0.23562
101 0.23736
102 0.23736
103 0.23736
104 0.23911
105 0.23911
106 0.23911
107 0.24086
108 0.24086
109 0.24086
110 0.24260
111 0.24260
112 0.24260
113 0.24435
114 0.24435
115 0.24609
116 0.24609
117 0.24609
118 0.24784
119 0.24784
120 0.24958
121 0.24958
122 0.24958
123 0.25133
124 0.25133
125 0.25133
126 0.25307
127 0.25307
128 0.25482
129 0.25482
130 0.25482
131 0.25656
132 0.25656
133 0.25656
134 0.25831
135 0.25831
136 0.25831
137 0.26005
138 0.26005
139 0.26180
140 0.26180
141 0.26180
142 0.26354
143 0.26354
144 0.26354
145 0.26529
146 0.26529
147 0.26704
148 0.26704
149 0.26704
150 0.26878
151 0.26878
152 0.26878
153 0.27053
154 0.27053
155 0.27053
156 0.27227
157 0.27227
158 0.27227
159 0.27402
160 0.27402
161 0.27576
162 0.27576
163 0.27576
164 0.27751
165 0.27751
166 0.27925
167 0.27925
168 0.27925
169 0.28100
170 0.28100
171 0.28100
172 0.28274
173 0.28274
174 0.28449
175 0.28449
176 0.28449
177 0.28623
178 0.28623
179 0.28623
180 0.28798
181 0.28798
182 0.28972
183 0.28972
184 0.28972
185 0.29147
186 0.29147
187 0.29147
188 0.29322
189 0.29322
190 0.29496
191 0.29496
192 0.29496
193 0.29671
194 0.29671
195 0.29671
196 0.29845
197 0.29845
198 0.29845
199 0.30020
200 0.30020
201 0.30194
202 0.30194
203 0.30194
204 0.30369
205 0.30369
206 0.30369
207 0.30543
208 0.30543
209 0.30718
210 0.30718
211 0.30718
212 0.30892
213 0.30892
214 0.30892
215 0.31067
216 0.31067
217 0.31067
218 0.31241
219 0.31241
220 0.31241
221 0.31416
222 0.31416
223 0.31416
224 0.31590
225 0.31590
226 0.31765
227 0.31765
228 0.31765
229 0.31940
230 0.31940
231 0.31940
232 0.32114
233 0.32114
234 0.32114
235 0.32289
236 0.32289
237 0.32289
238 0.32463
239 0.32463
240 0.32463
241 0.32638
242 0.32638
243 0.32638
244 0.32812
245 0.32812
246 0.32812
247 0.32987
248 0.32987
249 0.33161
250 0.33161
251 0.33161
252 0.33336
253 0.33336
254 0.33336
255 0.33510
256 0.33510
257 0.33685
258 0.33685
259 0.33685
260 0.33859
261 0.33859
262 0.33859
263 0.34034
264 0.34034
265 0.34034
266 0.34034
267 0.34208
268 0.34208
269 0.34208
270 0.34383
271 0.34383
272 0.34558
273 0.34558
274 0.34558
275 0.34732
276 0.34732
277 0.34732
278 0.34907
279 0.34907
280 0.34907
281 0.35081
282 0.35081
283 0.35081
284 0.35256
285 0.35256
286 0.35256
287 0.35430
288 0.35430
289 0.35430
290 0.35605
291 0.35605
292 0.35605
293 0.35779
294 0.35779
295 0.35779
296 0.35954
297 0.35954
298 0.35954
299 0.36128
300 0.36128
301 0.36128
302 0.36303
303 0.36303
304 0.36303
305 0.36477
306 0.36477
307 0.36477
308 0.36652
309 0.36652
310 0.36652
311 0.36826
312 0.36826
313 0.36826
314 0.37001
315 0.37001
316 0.37001
317 0.37176
318 0.37176
319 0.37350
320 0.37350
321 0.37350
322 0.37525
323 0.37525
324 0.37525
325 0.37699
326 0.37699
327 0.37699
328 0.37874
329 0.37874
330 0.37874
331 0.38048
332 0.38048
333 0.38048
334 0.38223
335 0.38223
336 0.38223
337 0.38223
338 0.38397
339 0.38397
340 0.38572
341 0.38572
342 0.38572
343 0.38746
344 0.38746
345 0.38746
346 0.38921
347 0.38921
348 0.38921
349 0.39095
350 0.39095
351 0.39095
352 0.39270
353 0.39270
354 0.39270
355 0.39444
356 0.39444
357 0.39444
358 0.39444
359 0.39619
360 0.39619
361 0.39619
362 0.39794
363 0.39794
364 0.39794
365 0.39968
366 0.39968
367 0.39968
368 0.40143
369 0.40143
370 0.40143
371 0.40317
372 0.40317
373 0.40317
374 0.40492
375 0.40492
376 0.40492
377 0.40666
378 0.40666
379 0.40666
380 0.40666
381 0.40841
382 0.40841
383 0.40841
384 0.41015
385 0.41015
386 0.41015
387 0.41190
388 0.41190
389 0.41190
390 0.41364
391 0.41364
392 0.41364
393 0.41539
394 0.41539
395 0.41539
396 0.41713
397 0.41713
398 0.41713
399 0.41888
400 0.41888
401 0.41888
402 0.42062
403 0.42062
404 0.42062
405 0.42237
406 0.42237
407 0.42237
408 0.42412
409 0.42412
410 0.42412
411 0.42412
412 0.42586
413 0.42586
414 0.42586
415 0.42761
416 0.42761
417 0.42761
418 0.42935
419 0.42935
420 0.42935
421 0.43110
422 0.43110
423 0.43110
424 0.43110
425 0.43284
426 0.43284
427 0.43284
428 0.43459
429 0.43459
430 0.43459
431 0.43633
432 0.43633
433 0.43633
434 0.43633
435 0.43808
436 0.43808
437 0.43808
438 0.43982
439 0.43982
440 0.43982
441 0.44157
442 0.44157
443 0.44157
444 0.44331
445 0.44331
446 0.44331
447 0.44506
448 0.44506
449 0.44506
450 0.44680
451 0.44680
452 0.44680
453 0.44680
454 0.44855
455 0.44855
456 0.44855
457 0.45029
458 0.45029
459 0.45029
460 0.45204
461 0.45204
462 0.45204
463 0.45204
464 0.45379
465 0.45379
466 0.45379
467 0.45553
468 0.45553
469 0.45553
470 0.45728
471 0.45728
472 0.45728
473 0.45902
474 0.45902
475 0.45902
476 0.46077
477 0.46077
478 0.46077
479 0.46251
480 0.46251
481 0.46251
482 0.46251
483 0.46426
484 0.46426
485 0.46426
486 0.46600
487 0.46600
488 0.46600
489 0.46600
490 0.46775
491 0.46775
492 0.46775
493 0.46949
494 0.46949
495 0.46949
496 0.47124
497 0.47124
498 0.47124
499 0.47298
500 0.47298
501 0.47298
502 0.47298
503 0.47473
504 0.47473
505 0.47473
506 0.47647
507 0.47647
508 0.47647
509 0.47647
510 0.47822
511 0.47822
512 0.47822
513 0.47997
514 0.47997
515 0.47997
516 0.47997
517 0.48171
518 0.48171
519 0.48171
520 0.48171
521 0.48346
522 0.48346
523 0.48346
524 0.48520
525 0.48520
526 0.48520
527 0.48695
528 0.48695
529 0.48695
530 0.48695
531 0.48869
532 0.48869
533 0.48869
534 0.49044
535 0.49044
536 0.49044
537 0.49044
538 0.49218
539 0.49218
540 0.49218
541 0.49218
542 0.49393
543 0.49393
544 0.49393
545 0.49567
546 0.49567
547 0.49567
548 0.49567
549 0.49742
550 0.49742
551 0.49742
552 0.49916
553 0.49916
554 0.49916
555 0.50091
556 0.50091
557 0.50091
558 0.50265
559 0.50265
560 0.50265
561 0.50265
562 0.50440
563 0.50440
564 0.50440
565 0.50615
566 0.50615
567 0.50615
568 0.50615
569 0.50789
570 0.50789
571 0.50789
572 0.50789
573 0.50964
574 0.50964
575 0.50964
576 0.50964
577 0.51138
578 0.51138
579 0.51138
580 0.51313
581 0.51313
582 0.51313
583 0.51487
584 0.51487
585 0.51487
586 0.51487
587 0.51662
588 0.51662
589 0.51662
590 0.51662
591 0.51836
592 0.51836
593 0.51836
594 0.51836
595 0.52011
596 0.52011
597 0.52011
598 0.52011
599 0.52185
600 0.52185
601 0.52185
602 0.52185
603 0.52360
604 0.52360
605 0.52360
606 0.52534
607 0.52534
608 0.52534
609 0.52709
610 0.52709
611 0.52709
612 0.52709
613 0.52883
614 0.52883
615 0.52883
616 0.52883
617 0.53058
618 0.53058
619 0.53058
620 0.53233
621 0.53233
622 0.53233
623 0.53233
624 0.53407
625 0.53407
626 0.53407
627 0.53407
628 0.53582
629 0.53582
630 0.53582
631 0.53582
632 0.53756
633 0.53756
634 0.53756
635 0.53931
636 0.53931
637 0.53931
638 0.53931
639 0.54105
640 0.54105
641 0.54105
642 0.54280
643 0.54280
644 0.54280
645 0.54280
646 0.54454
647 0.54454
648 0.54454
649 0.54629
650 0.54629
651 0.54629
652 0.54629
653 0.54803
654 0.54803
655 0.54803
656 0.54803
657 0.54978
658 0.54978
659 0.54978
660 0.54978
661 0.55152
662 0.55152
663 0.55152
664 0.55152
665 0.55327
666 0.55327
667 0.55327
668 0.55501
669 0.55501
670 0.55501
671 0.55501
672 0.55676
673 0.55676
674 0.55676
675 0.55676
676 0.55851
677 0.55851
678 0.55851
679 0.55851
680 0.56025
681 0.56025
682 0.56025
683 0.56025
684 0.56200
685 0.56200
686 0.56200
687 0.56200
688 0.56374
689 0.56374
690 0.56374
691 0.56374
692 0.56374
693 0.56549
694 0.56549
695 0.56549
696 0.56723
697 0.56723
698 0.56723
699 0.56723
700 0.56898
701 0.56898
702 0.56898
703 0.56898
704 0.57072
705 0.57072
706 0.57072
707 0.57072
708 0.57247
709 0.57247
710 0.57247
711 0.57247
712 0.57421
713 0.57421
714 0.57421
715 0.57421
716 0.57596
717 0.57596
718 0.57596
719 0.57596
720 0.57596
721 0.57770
722 0.57770
723 0.57770
724 0.57770
725 0.57945
726 0.57945
727 0.57945
728 0.57945
729 0.58119
730 0.58119
731 0.58119
732 0.58294
733 0.58294
734 0.58294
735 0.58294
736 0.58469
737 0.58469
738 0.58469
739 0.58469
740 0.58643
741 0.58643
742 0.58643
743 0.58643
744 0.58818
745 0.58818
746 0.58818
747 0.58818
748 0.58992
749 0.58992
750 0.58992
751 0.58992
752 0.59167
753 0.59167
754 0.59167
755 0.59167
756 0.59167
757 0.59341
758 0.59341
759 0.59341
760 0.59341
761 0.59516
762 0.59516
763 0.59516
764 0.59516
765 0.59690
766 0.59690
767 0.59690
768 0.59865
769 0.59865
770 0.59865
771 0.59865
772 0.59865
773 0.60039
774 0.60039
775 0.60039
776 0.60039
777 0.60214
778 0.60214
779 0.60214
780 0.60214
781 0.60214
782 0.60388
783 0.60388
784 0.60388
785 0.60388
786 0.60563
787 0.60563
788 0.60563
789 0.60563
790 0.60563
791 0.60737
792 0.60737
793 0.60737
794 0.60737
795 0.60912
796 0.60912
797 0.60912
798 0.61087
799 0.61087
800 0.61087
801 0.61087
802 0.61261
803 0.61261
804 0.61261
805 0.61261
806 0.61436
807 0.61436
808 0.61436
809 0.61436
810 0.61436
811 0.61610
812 0.61610
813 0.61610
814 0.61610
815 0.61785
816 0.61785
817 0.61785
818 0.61785
819 0.61959
820 0.61959
821 0.61959
822 0.61959
823 0.61959
824 0.62134
825 0.62134
826 0.62134
827 0.62134
828 0.62308
829 0.62308
830 0.62308
831 0.62308
832 0.62483
833 0.62483
834 0.62483
835 0.62657
836 0.62657
837 0.62657
838 0.62657
839 0.62832
840 0.62832
841 0.62832
842 0.62832
843 0.62832
844 0.63006
845 0.63006
846 0.63006
847 0.63006
848 0.63181
849 0.63181
850 0.63181
851 0.63181
852 0.63181
853 0.63355
854 0.63355
855 0.63355
856 0.63355
857 0.63355
858 0.63530
859 0.63530
860 0.63530
861 0.63530
862 0.63705
863 0.63705
864 0.63705
865 0.63879
866 0.63879
867 0.63879
868 0.63879
869 0.64054
870 0.64054
871 0.64054
872 0.64054
873 0.64054
874 0.64228
875 0.64228
876 0.64228
877 0.64228
878 0.64403
879 0.64403
880 0.64403
881 0.64403
882 0.64403
883 0.64577
884 0.64577
885 0.64577
886 0.64577
887 0.64577
888 0.64752
889 0.64752
890 0.64752
891 0.64752
892 0.64752
893 0.64926
894 0.64926
895 0.64926
896 0.64926
897 0.65101
898 0.65101
899 0.65101
900 0.65101
901 0.65275
902 0.65275
903 0.65275
904 0.65275
905 0.65450
906 0.65450
907 0.65450
908 0.65450
909 0.65450
910 0.65624
911 0.65624
912 0.65624
913 0.65624
914 0.65799
915 0.65799
916 0.65799
917 0.65799
918 0.65799
919 0.65799
920 0.65973
921 0.65973
922 0.65973
923 0.65973
924 0.66148
925 0.66148
926 0.66148
927 0.66148
928 0.66148
929 0.66323
930 0.66323
931 0.66323
932 0.66323
933 0.66497
934 0.66497
935 0.66497
936 0.66497
937 0.66672
938 0.66672
939 0.66672
940 0.66672
941 0.66846
942 0.66846
943 0.66846
944 0.66846
945 0.67021
946 0.67021
947 0.67021
948 0.67021
949 0.67021
950 0.67195
951 0.67195
952 0.67195
953 0.67195
954 0.67195
955 0.67370
956 0.67370
957 0.67370
958 0.67370
959 0.67370
960 0.67544
961 0.67544
962 0.67544
963 0.67544
964 0.67544
965 0.67719
966 0.67719
967 0.67719
968 0.67719
969 0.67719
970 0.67893
971 0.67893
972 0.67893
973 0.68068
974 0.68068
975 0.68068
976 0.68068
977 0.68068
978 0.68242
979 0.68242
980 0.68242
981 0.68242
982 0.68242
983 0.68417
984 0.68417
985 0.68417
986 0.68417
987 0.68591
988 0.68591
989 0.68591
990 0.68591
991 0.68591
992 0.68766
993 0.68766
994 0.68766
995 0.68766
996 0.68766
997 0.68766
998 0.68941
999 0.68941
1000 0.68941
1001 0.68941
1002 0.68941
1003 0.69115
1004 0.69115
1005 0.69115
1006 0.69115
1007 0.69290
1008 0.69290
1009 0.69290
1010 0.69290
1011 0.69464
1012 0.69464
1013 0.69464
1014 0.69464
1015 0.69639
1016 0.69639
1017 0.69639
1018 0.69639
1019 0.69639
1020 0.69813
1021 0.69813
1022 0.69813
1023 0.69813
1024 0.69988
1025 0.69988
1026 0.69988
1027 0.69988
1028 0.69988
1029 0.70162
1030 0.70162
1031 0.70162
1032 0.70162
1033 0.70162
1034 0.70337
1035 0.70337
1036 0.70337
1037 0.70337
1038 0.70337
1039 0.70511
1040 0.70511
1041 0.70511
1042 0.70511
1043 0.70686
1044 0.70686
1045 0.70686
1046 0.70686
1047 0.70860
1048 0.70860
1049 0.70860
1050 0.70860
1051 0.71035
1052 0.71035
1053 0.71035
1054 0.71035
1055 0.71035
1056 0.71209
1057 0.71209
1058 0.71209
1059 0.71209
1060 0.71384
1061 0.71384
1062 0.71384
1063 0.71384
1064 0.71384
1065 0.71558
1066 0.71558
1067 0.71558
1068 0.71558
1069 0.71558
1070 0.71558
1071 0.71733
1072 0.71733
1073 0.71733
1074 0.71733
1075 0.71733
1076 0.71908
1077 0.71908
1078 0.71908
1079 0.71908
1080 0.72082
1081 0.72082
1082 0.72082
1083 0.72082
1084 0.72257
1085 0.72257
1086 0.72257
1087 0.72257
1088 0.72431
1089 0.72431
1090 0.72431
1091 0.72431
1092 0.72431
1093 0.72431
1094 0.72606
1095 0.72606
1096 0.72606
1097 0.72606
1098 0.72606
1099 0.72780
1100 0.72780
1101 0.72780
1102 0.72780
1103 0.72780
1104 0.72955
1105 0.72955
1106 0.72955
1107 0.72955
1108 0.72955
1109 0.73129
1110 0.73129
1111 0.73129
1112 0.73129
1113 0.73129
1114 0.73129
1115 0.73304
1116 0.73304
1117 0.73304
1118 0.73304
1119 0.73304
1120 0.73478
1121 0.73478
1122 0.73478
1123 0.73478
1124 0.73653
1125 0.73653
1126 0.73653
1127 0.73653
1128 0.73653
1129 0.73827
1130 0.73827
1131 0.73827
1132 0.73827
1133 0.74002
1134 0.74002
1135 0.74002
1136 0.74002
1137 0.74002
1138 0.74176
1139 0.74176
1140 0.74176
1141 0.74176
1142 0.74176
1143 0.74176
1144 0.74351
1145 0.74351
1146 0.74351
1147 0.74351
1148 0.74351
1149 0.74526
1150 0.74526
1151 0.74526
1152 0.74526
1153 0.74526
1154 0.74526
1155 0.74700
1156 0.74700
1157 0.74700
1158 0.74700
1159 0.74875
1160 0.74875
1161 0.74875
1162 0.74875
1163 0.75049
1164 0.75049
1165 0.75049
1166 0.75049
1167 0.75224
1168 0.75224
1169 0.75224
1170 0.75224
1171 0.75224
1172 0.75398
1173 0.75398
1174 0.75398
1175 0.75398
1176 0.75398
1177 0.75573
1178 0.75573
1179 0.75573
1180 0.75573
1181 0.75573
1182 0.75573
1183 0.75747
1184 0.75747
1185 0.75747
1186 0.75747
1187 0.75747
1188 0.75922
1189 0.75922
1190 0.75922
1191 0.75922
1192 0.75922
1193 0.75922
1194 0.76096
1195 0.76096
1196 0.76096
1197 0.76096
1198 0.76096
1199 0.76271
1200 0.76271
1201 0.76271
1202 0.76271
1203 0.76271
1204 0.76445
1205 0.76445
1206 0.76445
1207 0.76445
1208 0.76620
1209 0.76620
1210 0.76620
1211 0.76620
1212 0.76620
1213 0.76794
1214 0.76794
1215 0.76794
1216 0.76794
1217 0.76794
1218 0.76794
1219 0.76969
1220 0.76969
1221 0.76969
1222 0.76969
1223 0.76969
1224 0.77144
1225 0.77144
1226 0.77144
1227 0.77144
1228 0.77144
1229 0.77144
1230 0.77318
1231 0.77318
1232 0.77318
1233 0.77318
1234 0.77318
1235 0.77318
1236 0.77493
1237 0.77493
1238 0.77493
1239 0.77493
1240 0.77493
1241 0.77667
1242 0.77667
1243 0.77667
1244 0.77667
1245 0.77842
1246 0.77842
1247 0.77842
1248 0.77842
1249 0.77842
1250 0.78016
1251 0.78016
1252 0.78016
1253 0.78016
1254 0.78016
1255 0.78191
1256 0.78191
1257 0.78191
1258 0.78191
1259 0.78191
1260 0.78365
1261 0.78365
1262 0.78365
1263 0.78365
1264 0.78365
1265 0.78540
1266 0.78540
1267 0.78540
1268 0.78540
1269 0.78540
1270 0.78540
1271 0.78714
1272 0.78714
1273 0.78714
1274 0.78714
1275 0.78714
1276 0.78714
1277 0.78889
1278 0.78889
1279 0.78889
1280 0.78889
1281 0.78889
1282 0.79063
1283 0.79063
1284 0.79063
1285 0.79063
1286 0.79238
1287 0.79238
1288 0.79238
1289 0.79238
1290 0.79412
1291 0.79412
1292 0.79412
1293 0.79412
1294 0.79412
1295 0.79587
1296 0.79587
1297 0.79587
1298 0.79587
1299 0.79587
1300 0.79587
1301 0.79762
1302 0.79762
1303 0.79762
1304 0.79762
1305 0.79762
1306 0.79936
1307 0.79936
1308 0.79936
1309 0.79936
1310 0.79936
1311 0.79936
1312 0.80111
1313 0.80111
1314 0.80111
1315 0.80111
1316 0.80111
1317 0.80111
1318 0.80111
1319 0.80285
1320 0.80285
1321 0.80285
1322 0.80285
1323 0.80285
1324 0.80460
1325 0.80460
1326 0.80460
1327 0.80460
1328 0.80634
1329 0.80634
1330 0.80634
1331 0.80634
1332 0.80634
1333 0.80809
1334 0.80809
1335 0.80809
1336 0.80809
1337 0.80809
1338 0.80983
1339 0.80983
1340 0.80983
1341 0.80983
1342 0.80983
1343 0.80983
1344 0.80983
1345 0.81158
1346 0.81158
1347 0.81158
1348 0.81158
1349 0.81158
1350 0.81158
1351 0.81332
1352 0.81332
1353 0.81332
1354 0.81332
1355 0.81332
1356 0.81332
1357 0.81332
1358 0.81507
1359 0.81507
1360 0.81507
1361 0.81507
1362 0.81507
1363 0.81507
1364 0.81507
1365 0.81681
1366 0.81681
1367 0.81681
1368 0.81681
1369 0.81681
1370 0.81856
1371 0.81856
1372 0.81856
1373 0.81856
1374 0.81856
1375 0.82030
1376 0.82030
1377 0.82030
1378 0.82030
1379 0.82030
1380 0.82205
1381 0.82205
1382 0.82205
1383 0.82205
1384 0.82205
1385 0.82205
1386 0.82380
1387 0.82380
1388 0.82380
1389 0.82380
1390 0.82380
1391 0.82380
1392 0.82554
1393 0.82554
1394 0.82554
1395 0.82554
1396 0.82554
1397 0.82554
1398 0.82554
1399 0.82554
1400 0.82729
1401 0.82729
1402 0.82729
1403 0.82729
1404 0.82729
1405 0.82729
1406 0.82903
1407 0.82903
1408 0.82903
1409 0.82903
1410 0.82903
1411 0.82903
1412 0.82903
1413 0.83078
1414 0.83078
1415 0.83078
1416 0.83078
1417 0.83078
1418 0.83252
1419 0.83252
1420 0.83252
1421 0.83252
1422 0.83252
1423 0.83427
1424 0.83427
1425 0.83427
1426 0.83427
1427 0.83427
1428 0.83601
1429 0.83601
1430 0.83601
1431 0.83601
1432 0.83601
1433 0.83601
1434 0.83776
1435 0.83776
1436 0.83776
1437 0.83776
1438 0.83776
1439 0.83776
1440 0.83776
1441 0.83950
1442 0.83950
1443 0.83950
1444 0.83950
1445 0.83950
1446 0.83950
1447 0.83950
1448 0.83950
1449 0.83950
1450 0.84125
1451 0.84125
1452 0.84125
1453 0.84125
1454 0.84125
1455 0.84125
1456 0.84125
1457 0.84125
1458 0.84125
1459 0.84125
1460 0.84299
1461 0.84299
1462 0.84299
1463 0.84299
1464 0.84299
1465 0.84299
1466 0.84299
1467 0.84299
1468 0.84299
1469 0.84299
1470 0.84474
1471 0.84474
1472 0.84474
1473 0.84474
1474 0.84474
1475 0.84474
1476 0.84474
1477 0.84648
1478 0.84648
1479 0.84648
1480 0.84648
1481 0.84648
1482 0.84823
1483 0.84823
1484 0.84823
1485 0.84823
1486 0.84823
1487 0.84823
1488 0.84823
1489 0.84998
1490 0.84998
1491 0.84998
1492 0.84998
1493 0.84998
1494 0.84998
1495 0.84998
1496 0.84998
1497 0.85172
1498 0.85172
1499 0.85172
1500 0.85172
1501 0.85172
1502 0.85172
1503 0.85172
1504 0.85172
1505 0.85172
1506 0.85172
1507 0.85172
1508 0.85172
1509 0.85172
1510 0.85347
1511 0.85347
1512 0.85347
1513 0.85347
1514 0.85347
1515 0.85347
1516 0.85347
1517 0.85347
1518 0.85347
1519 0.85347
1520 0.85347
1521 0.85347
1522 0.85347
1523 0.85347
1524 0.85347
1525 0.85347
1526 0.85347
1527 0.85347
1528 0.85521
1529 0.85521
1530 0.85521
1531 0.85521
1532 0.85521
1533 0.85521
1534 0.85521
1535 0.85521
1536 0.85521
1537 0.85521
1538 0.85521
1539 0.85521
1540 0.85521
1541 0.85521
1542 0.85696
1543 0.85696
1544 0.85696
1545 0.85696
1546 0.85696
1547 0.85696
1548 0.85696
1549 0.85696
1550 0.85696
1551 0.85696
1552 0.85696
1553 0.85696
1554 0.85870
1555 0.85870
1556 0.85870
1557 0.85870
1558 0.85870
1559 0.85870
1560 0.85870
1561 0.86045
1562 0.86045
1563 0.86045
1564 0.86045
1565 0.86045
1566 0.86045
1567 0.86219
1568 0.86219
1569 0.86219
1570 0.86219
1571 0.86219
1572 0.86219
1573 0.86219
1574 0.86394
1575 0.86394
1576 0.86394
1577 0.86394
1578 0.86394
1579 0.86394
1580 0.86394
1581 0.86394
1582 0.86394
1583 0.86394
1584 0.86394
1585 0.86568
1586 0.86568
1587 0.86568
1588 0.86568
1589 0.86568
1590 0.86568
1591 0.86568
1592 0.86568
1593 0.86568
1594 0.86568
1595 0.86568
1596 0.86568
1597 0.86568
1598 0.86568
1599 0.86568
1600 0.86568
1601 0.86568
1602 0.86568
1603 0.86568
1604 0.86743
1605 0.86743
1606 0.86743
1607 0.86743
1608 0.86743
1609 0.86743
1610 0.86743
1611 0.86743
1612 0.86743
1613 0.86743
1614 0.86743
1615 0.86743
1616 0.86743
1617 0.86743
1618 0.86743
1619 0.86743
1620 0.86743
1621 0.86743
1622 0.86743
1623 0.86743
1624 0.86743
1625 0.86917
1626 0.86917
1627 0.86917
1628 0.86917
1629 0.86917
1630 0.86917
1631 0.86917
1632 0.86917
1633 0.86917
1634 0.86917
1635 0.86917
1636 0.86917
1637 0.86917
1638 0.86917
1639 0.86917
1640 0.86917
1641 0.87092
1642 0.87092
1643 0.87092
1644 0.87092
1645 0.87092
1646 0.87092
1647 0.87092
1648 0.87092
1649 0.87092
1650 0.87092
1651 0.87092
1652 0.87092
1653 0.87266
1654 0.87266
1655 0.87266
1656 0.87266
1657 0.87266
1658 0.87266
1659 0.87266
1660 0.87266
1661 0.87266
1662 0.87441
1663 0.87441
1664 0.87441
1665 0.87441
1666 0.87441
1667 0.87441
1668 0.87441
1669 0.87616
1670 0.87616
1671 0.87616
1672 0.87616
1673 0.87616
1674 0.87616
1675 0.87616
1676 0.87790
1677 0.87790
1678 0.87790
1679 0.87790
1680 0.87790
1681 0.87790
1682 0.87790
1683 0.87790
1684 0.87790
1685 0.87790
1686 0.87790
1687 0.87790
1688 0.87965
1689 0.87965
1690 0.87965
1691 0.87965
1692 0.87965
1693 0.87965
1694 0.87965
1695 0.87965
1696 0.87965
1697 0.87965
1698 0.87965
1699 0.87965
1700 0.87965
1701 0.87965
1702 0.87965
1703 0.87965
1704 0.87965
1705 0.87965
1706 0.87965
1707 0.87965
1708 0.87965
1709 0.87965
1710 0.87965
1711 0.87965
1712 0.87965
1713 0.87965
1714 0.87965
1715 0.87965
1716 0.87965
1717 0.87965
1718 0.87965
1719 0.87965
1720 0.87965
1721 0.87965
1722 0.87965
1723 0.87965
1724 0.87965
1725 0.87965
1726 0.87965
1727 0.87965
1728 0.87965
1729 0.87965
1730 0.87965
1731 0.87965
1732 0.87965
1733 0.87965
1734 0.87965
1735 0.87965
1736 0.87965
1737 0.87965
1738 0.87965
1739 0.87965
1740 0.87965
1741 0.87965
1742 0.87965
1743 0.87965
1744 0.87965
1745 0.87965
1746 0.87965
1747 0.87965
1748 0.87965
1749 0.87965
1750 0.87965
1751 0.87965
1752 0.87965
1753 0.87965
1754 0.87965
1755 0.87965
1756 0.87965
1757 0.87965
1758 0.87965
1759 0.87965
1760 0.87965
1761 0.87965
1762 0.87965
1763 0.87965
1764 0.87965
1765 0.87965
1766 0.87965
1767 0.87965
1768 0.87965
1769 0.87965
1770 0.87965
1771 0.87965
1772 0.87965
1773 0.87965
1774 0.87965
1775 0.87965
1776 0.87965
1777 0.87965
1778 0.87965
1779 0.87965
1780 0.87965
1781 0.87965
1782 0.87965
1783 0.87965
1784 0.87965
1785 0.87965
1786 0.87965
1787 0.87965
1788 0.87965
1789 0.87965
1790 0.87965
1791 0.87965
1792 0.87965
1793 0.87965
1794 0.87965
1795 0.87965
1796 0.87965
1797 0.87965
1798 0.87965
1799 0.87965
1800 0.87965
1801 0.87965
1802 0.87965
1803 0.87965
1804 0.87965
1805 0.87965
1806 0.87965
1807 0.87965
1808 0.87965
1809 0.87965
1810 0.87965
1811 0.87965
1812 0.87965
1813 0.87965
1814 0.87965
1815 0.87965
1816 0.87965
1817 0.87965
1818 0.87965
1819 0.87965
1820 0.87965
1821 0.87965
1822 0.87965
1823 0.87965
1824 0.87965
1825 0.87965
1826 0.87965
1827 0.87965
1828 0.87965
1829 0.87965
1830 0.87965
1831 0.87965
1832 0.87965
1833 0.87965
1834 0.87965
1835 0.87965
1836 0.87965
1837 0.87965
1838 0.87965
1839 0.87965
1840 0.87965
1841 0.87965
1842 0.87965
1843 0.87965
1844 0.87965
1845 0.87965
1846 0.87965
1847 0.87965
1848 0.87965
1849 0.87965
1850 0.87965
1851 0.87965
1852 0.87965
1853 0.87965
1854 0.87965
1855 0.87965
1856 0.87965
1857 0.87965
1858 0.87965
1859 0.87965
1860 0.87965
1861 0.87965
1862 0.87965
1863 0.87965
1864 0.87965
1865 0.87965
1866 0.87965
1867 0.87965
1868 0.87965
1869 0.87965
1870 0.87965
1871 0.87965
1872 0.87965
1873 0.87965
1874 0.87965
1875 0.87965
1876 0.87965
1877 0.87965
1878 0.87965
1879 0.87965
1880 0.87965
1881 0.87965
1882 0.87965
1883 0.87965
1884 0.87965
1885 0.87965
1886 0.87965
1887 0.87965
1888 0.87965
1889 0.87965
1890 0.87965
1891 0.87965
1892 0.87965
1893 0.87965
1894 0.87965
1895 0.87965
1896 0.87965
1897 0.87965
1898 0.87965
1899 0.87965
1900 0.87965
1901 0.87965
1902 0.87965
1903 0.87965
1904 0.87965
1905 0.87965
1906 0.87965
1907 0.87965
1908 0.87965
1909 0.87965
1910 0.87965
1911 0.87965
1912 0.87965
1913 0.87965
1914 0.87965
1915 0.87965
1916 0.87965
1917 0.87965
1918 0.87965
1919 0.87965
1920 0.87965
1921 0.87965
1922 0.87965
1923 0.87965
1924 0.87965
1925 0.87965
1926 0.87965
1927 0.87965
1928 0.87965
1929 0.87965
1930 0.87965
1931 0.87965
1932 0.87965
1933 0.87965
1934 0.87965
1935 0.87965
1936 0.87965
1937 0.87965
1938 0.87965
1939 0.87965
1940 0.87965
1941 0.87965
1942 0.87965
1943 0.87965
1944 0.87965
1945 0.87965
1946 0.87965
1947 0.87965
1948 0.87965
1949 0.87965
1950 0.87965
1951 0.87965
1952 0.87965
1953 0.87965
1954 0.87965
1955 0.87965
1956 0.87965
1957 0.87965
1958 0.87965
1959 0.87965
1960 0.87965
1961 0.87965
1962 0.87965
1963 0.87965
1964 0.87965
1965 0.87965
1966 0.87965
1967 0.87965
1968 0.87965
1969 0.87965
1970 0.87965
1971 0.87965
1972 0.87965
1973 0.87965
1974 0.87965
1975 0.87965
1976 0.87965
1977 0.87965
1978 0.87965
1979 0.87965
1980 0.87965
1981 0.87965
1982 0.87965
1983 0.87965
1984 0.87965
1985 0.87965
1986 0.87965
1987 0.87965
1988 0.87965
1989 0.87965
1990 0.87965
1991 0.87965
1992 0.87965
1993 0.87965
1994 0.87965
1995 0.87965
1996 0.87965
1997 0.87965
1998 0.87965
1999 0.87965
2000 0.87965
2001 0.87965
2002 0.87965
2003 0.87965
2004 0.87965
2005 0.87965
2006 0.87965
2007 0.87965
2008 0.87965
2009 0.87965
2010 0.87965
2011 0.87965
2012 0.87965
2013 0.87965
2014 0.87965
2015 0.87965
2016 0.87965
2017 0.87965
2018 0.87965
2019 0.87965
2020 0.87965
2021 0.87965
2022 0.87965
2023 0.87965
2024 0.87965
2025 0.87965
2026 0.87965
2027 0.87965
2028 0.87965
2029 0.87965
2030 0.87965
2031 0.87965
2032 0.87965
2033 0.87965
2034 0.87965
2035 0.87965
2036 0.87965
2037 0.87965
2038 0.87965
2039 0.87965
2040 0.87965
2041 0.87965
2042 0.87965
2043 0.87965
2044 0.87965
2045 0.87965
2046 0.87965
2047 0.87965
2048 0.87965
2049 0.87965
2050 0.87965
2051 0.87965
2052 0.87965
2053 0.87965
2054 0.87965
2055 0.87965
2056 0.87965
2057 0.87965
2058 0.87965
2059 0.87965
2060 0.87965
2061 0.87965
2062 0.87965
2063 0.87965
2064 0.87965
2065 0.87965
2066 0.87965
2067 0.87965
2068 0.87965
2069 0.87965
2070 0.87965
2071 0.87965
2072 0.87965
2073 0.87965
2074 0.87965
2075 0.87965
2076 0.87965
2077 0.87965
2078 0.87965
2079 0.87965
2080 0.87965
2081 0.87965
2082 0.87965
2083 0.87965
2084 0.87965
2085 0.87965
2086 0.87965
2087 0.87965
2088 0.87965
2089 0.87965
2090 0.87965
2091 0.87965
2092 0.87965
2093 0.87965
2094 0.87965
2095 0.87965
2096 0.87965
2097 0.87965
2098 0.87965
2099 0.87965
2100 0.87965
2101 0.87965
2102 0.87965
2103 0.87965
2104 0.87965
2105 0.87965
2106 0.87965
2107 0.87965
2108 0.87965
2109 0.87965
2110 0.87965
2111 0.87965
2112 0.87965
2113 0.87965
2114 0.87965
2115 0.87965
2116 0.87965
2117 0.87965
2118 0.87965
2119 0.87965
2120 0.87965
2121 0.87965
2122 0.87965
2123 0.87965
2124 0.87965
2125 0.87965
2126 0.87965
2127 0.87965
2128 0.87965
2129 0.87965
2130 0.87965
2131 0.87965
2132 0.87965
2133 0.87965
2134 0.87965
2135 0.87965
2136 0.87965
2137 0.87965
2138 0.87965
2139 0.87965
2140 0.87965
2141 0.87965
2142 0.87965
2143 0.87965
2144 0.87965
2145 0.87965
2146 0.87965
2147 0.87965
2148 0.87965
2149 0.87965
2150 0.87965
2151 0.87965
2152 0.87965
2153 0.87965
2154 0.87965
2155 0.87965
2156 0.87965
2157 0.87965
2158 0.87965
2159 0.87965
2160 0.87965
2161 0.87965
2162 0.87965
2163 0.87965
2164 0.87965
2165 0.87965
2166 0.87965
2167 0.87965
2168 0.87965
2169 0.87965
2170 0.87965
2171 0.87965
2172 0.87965
2173 0.87965
2174 0.87965
2175 0.87965
2176 0.87965
2177 0.87965
2178 0.87965
2179 0.87965
2180 0.87965
2181 0.87965
2182 0.87965
2183 0.87965
2184 0.87965
2185 0.87965
2186 0.87965
2187 0.87965
2188 0.87965
2189 0.87965
2190 0.87965
2191 0.87965
2192 0.87965
2193 0.87965
2194 0.87965
2195 0.87965
2196 0.87965
2197 0.87965
2198 0.87965
2199 0.87965
2200 0.87965
2201 0.87965
2202 0.87965
2203 0.87965
2204 0.87965
2205 0.87965
2206 0.87965
2207 0.87965
2208 0.87965
2209 0.87965
2210 0.87965
2211 0.87965
2212 0.87965
2213 0.87965
2214 0.87965
2215 0.87965
2216 0.87965
2217 0.87965
2218 0.87965
2219 0.87965
2220 0.87965
2221 0.87965
2222 0.87965
2223 0.87965
2224 0.87965
2225 0.87965
2226 0.87965
2227 0.87965
2228 0.87965
2229 0.87965
2230 0.87965
2231 0.87965
2232 0.87965
2233 0.87965
2234 0.87965
2235 0.87965
2236 0.87965
2237 0.87965
2238 0.87965
2239 0.87965
2240 0.87965
2241 0.87965
2242 0.87965
2243 0.87965
2244 0.87965
2245 0.87965
2246 0.87965
2247 0.87965
2248 0.87965
2249 0.87965
2250 0.87965
2251 0.87965
2252 0.87965
2253 0.87965
2254 0.87965
2255 0.87965
2256 0.87965
2257 0.87965
2258 0.87965
2259 0.87965
2260 0.87965
2261 0.87965
2262 0.87965
2263 0.87965
2264 0.87965
2265 0.87965
2266 0.87965
2267 0.87965
2268 0.87965
2269 0.87965
2270 0.87965
2271 0.87965
2272 0.87965
2273 0.87965
2274 0.87965
2275 0.87965
2276 0.87965
2277 0.87965
2278 0.87965
2279 0.87965
2280 0.87965
2281 0.87965
2282 0.87965
2283 0.87965
2284 0.87965
2285 0.87965
2286 0.87965
2287 0.87965
2288 0.87965
2289 0.87965
2290 0.87965
2291 0.87965
2292 0.87965
2293 0.87965
2294 0.87965
2295 0.87965
2296 0.87965
2297 0.87965
2298 0.87965
2299 0.87965
2300 0.87965
2301 0.87965
2302 0.87965
2303 0.87965
2304 0.87965
2305 0.87965
2306 0.87965
2307 0.87965
2308 0.87965
2309 0.87965
2310 0.87965
2311 0.87965
2312 0.87965
2313 0.87965
2314 0.87965
2315 0.87965
2316 0.87965
2317 0.87965
2318 0.87965
2319 0.87965
2320 0.87965
2321 0.87965
2322 0.87965
2323 0.87965
2324 0.87965
2325 0.87965
2326 0.87965
2327 0.87965
2328 0.87965
2329 0.87965
2330 0.87965
2331 0.87965
2332 0.87965
2333 0.87965
2334 0.87965
2335 0.87965
2336 0.87965
2337 0.87965
2338 0.87965
2339 0.87965
2340 0.87965
2341 0.87965
2342 0.87965
2343 0.87965
2344 0.87965
2345 0.87965
2346 0.87965
2347 0.87965
2348 0.87965
2349 0.87965
2350 0.87965
2351 0.87965
2352 0.87965
2353 0.87965
2354 0.87965
2355 0.87965
2356 0.87965
2357 0.87965
2358 0.87965
2359 0.87965
2360 0.87965
2361 0.87965
2362 0.87965
2363 0.87965
2364 0.87965
2365 0.87965
2366 0.87965
2367 0.87965
2368 0.87965
2369 0.87965
2370 0.87965
2371 0.87965
2372 0.87965
2373 0.87965
2374 0.87965
2375 0.87965
2376 0.87965
2377 0.87965
2378 0.87965
2379 0.87965
2380 0.87965
2381 0.87965
2382 0.87965
2383 0.87965
2384 0.87965
2385 0.87965
2386 0.87965
2387 0.87965
2388 0.87965
2389 0.87965
2390 0.87965
2391 0.87965
2392 0.87965
2393 0.87965
2394 0.87965
2395 0.87965
2396 0.87965
2397 0.87965
2398 0.87965
2399 0.87965
2400 0.87965
2401 0.87965
2402 0.87965
2403 0.87965
2404 0.87965
2405 0.87965
2406 0.87965
2407 0.87965
2408 0.87965
2409 0.87965
2410 0.87965
2411 0.87965
2412 0.87965
2413 0.87965
2414 0.87965
2415 0.87965
2416 0.87965
2417 0.87965
2418 0.87965
2419 0.87965
2420 0.87965
2421 0.87965
2422 0.87965
2423 0.87965
2424 0.87965
2425 0.87965
2426 0.87965
2427 0.87965
2428 0.87965
2429 0.87965
2430 0.87965
2431 0.87965
2432 0.87965
2433 0.87965
2434 0.87965
2435 0.87965
2436 0.87965
2437 0.87965
2438 0.87965
2439 0.87965
2440 0.87965
2441 0.87965
2442 0.87965
2443 0.87965
2444 0.87965
2445 0.87965
2446 0.87965
2447 0.87965
2448 0.87965
2449 0.87965
2450 0.87965
2451 0.87965
2452 0.87965
2453 0.87965
2454 0.87965
2455 0.87965
2456 0.87965
2457 0.87965
2458 0.87965
2459 0.87965
2460 0.87965
2461 0.87965
2462 0.87965
2463 0.87965
2464 0.87965
2465 0.87965
2466 0.87965
2467 0.87965
2468 0.87965
2469 0.87965
2470 0.87965
2471 0.87965
2472 0.87965
2473 0.87965
2474 0.87965
2475 0.87965
2476 0.87965
2477 0.87965
2478 0.87965
2479 0.87965
2480 0.87965
2481 0.87965
2482 0.87965
2483 0.87965
2484 0.87965
2485 0.87965
2486 0.87965
2487 0.87965
2488 0.87965
2489 0.87965
2490 0.87965
2491 0.87965
2492 0.87965
2493 0.87965
2494 0.87965
2495 0.87965
2496 0.87965
2497 0.87965
2498 0.87965
2499 0.87965
2500 0.87965
2501 0.87965
2502 0.87965
2503 0.87965
2504 0.87965
2505 0.87965
2506 0.87965
2507 0.87965
2508 0.87965
2509 0.87965
2510 0.87965
2511 0.87965
2512 0.87965
2513 0.87965
2514 0.87965
2515 0.87965
2516 0.87965
2517 0.87965
2518 0.87965
2519 0.87965
2520 0.87965
2521 0.87965
2522 0.87965
2523 0.87965
2524 0.87965
2525 0.87965
2526 0.87965
2527 0.87965
2528 0.87965
2529 0.87965
2530 0.87965
2531 0.87965
2532 0.87965
2533 0.87965
2534 0.87965
2535 0.87965
2536 0.87965
2537 0.87965
2538 0.87965
2539 0.87965
2540 0.87965
2541 0.87965
2542 0.87965
2543 0.87965
2544 0.87965
2545 0.87965
2546 0.87965
2547 0.87965
2548 0.87965
2549 0.87965
2550 0.87965
2551 0.87965
2552 0.87965
2553 0.87965
2554 0.87965
2555 0.87965
2556 0.87965
2557 0.87965
2558 0.87965
2559 0.87965
2560 0.87965
2561 0.87965
2562 0.87965
2563 0.87965
2564 0.87965
2565 0.87965
2566 0.87965
2567 0.87965
2568 0.87965
2569 0.87965
2570 0.87965
2571 0.87965
2572 0.87965
2573 0.87965
2574 0.87965
2575 0.87965
2576 0.87965
2577 0.87965
2578 0.87965
2579 0.87965
2580 0.87965
2581 0.87965
2582 0.87965
2583 0.87965
2584 0.87965
2585 0.87965
2586 0.87965
2587 0.87965
2588 0.87965
2589 0.87965
2590 0.87965
2591 0.87965
2592 0.87965
2593 0.87965
2594 0.87965
2595 0.87965
2596 0.87965
2597 0.87965
2598 0.87965
2599 0.87965
2600 0.87965
2601 0.87965
2602 0.87965
2603 0.87965
2604 0.87965
2605 0.87965
2606 0.87965
2607 0.87965
2608 0.87965
2609 0.87965
2610 0.87965
2611 0.87965
2612 0.87965
2613 0.87965
2614 0.87965
2615 0.87965
2616 0.87965
2617 0.87965
2618 0.87965
2619 0.87965
2620 0.87965
2621 0.87965
2622 0.87965
2623 0.87965
2624 0.87965
2625 0.87965
2626 0.87965
2627 0.87965
2628 0.87965
2629 0.87965
2630 0.87965
2631 0.87965
2632 0.87965
2633 0.87965
2634 0.87965
2635 0.87965
2636 0.87965
2637 0.87965
2638 0.87965
2639 0.87965
2640 0.87965
2641 0.87965
2642 0.87965
2643 0.87965
2644 0.87965
2645 0.87965
2646 0.87965
2647 0.87965
2648 0.87965
2649 0.87965
2650 0.87965
2651 0.87965
2652 0.87965
2653 0.87965
2654 0.87965
2655 0.87965
2656 0.87965
2657 0.87965
2658 0.87965
2659 0.87965
2660 0.87965
2661 0.87965
2662 0.87965
2663 0.87965
2664 0.87965
2665 0.87965
2666 0.87965
2667 0.87965
2668 0.87965
2669 0.87965
2670 0.87965
2671 0.87965
2672 0.87965
2673 0.87965
2674 0.87965
2675 0.87965
2676 0.87965
2677 0.87965
2678 0.87965
2679 0.87965
2680 0.87965
2681 0.87965
2682 0.87965
2683 0.87965
2684 0.87965
2685 0.87965
2686 0.87965
2687 0.87965
2688 0.87965
2689 0.87965
2690 0.87965
2691 0.87965
2692 0.87965
2693 0.87965
2694 0.87965
2695 0.87965
2696 0.87965
2697 0.87965
2698 0.87965
2699 0.87965
2700 0.87965
2701 0.87965
2702 0.87965
2703 0.87965
2704 0.87965
2705 0.87965
2706 0.87965
2707 0.87965
2708 0.87965
2709 0.87965
2710 0.87965
2711 0.87965
2712 0.87965
2713 0.87965
2714 0.87965
2715 0.87965
2716 0.87965
2717 0.87965
2718 0.87965
2719 0.87965
2720 0.87965
2721 0.87965
2722 0.87965
2723 0.87965
2724 0.87965
2725 0.87965
2726 0.87965
2727 0.87965
2728 0.87965
2729 0.87965
2730 0.87965
2731 0.87965
2732 0.87965
2733 0.87965
2734 0.87965
2735 0.87965
2736 0.87965
2737 0.87965
2738 0.87965
2739 0.87965
2740 0.87965
2741 0.87965
2742 0.87965
2743 0.87965
2744 0.87965
2745 0.87965
2746 0.87965
2747 0.87965
2748 0.87965
2749 0.87965
2750 0.87965
2751 0.87965
2752 0.87965
2753 0.87965
2754 0.87965
2755 0.87965
2756 0.87965
2757 0.87965
2758 0.87965
2759 0.87965
2760 0.87965
2761 0.87965
2762 0.87965
2763 0.87965
2764 0.87965
2765 0.87965
2766 0.87965
2767 0.87965
2768 0.87965
2769 0.87965
2770 0.87965
2771 0.87965
2772 0.87965
2773 0.87965
2774 0.87965
2775 0.87965
2776 0.87965
2777 0.87965
2778 0.87965
2779 0.87965
2780 0.87965
2781 0.87965
2782 0.87965
2783 0.87965
2784 0.87965
2785 0.87965
2786 0.87965
2787 0.87965
2788 0.87965
2789 0.87965
2790 0.87965
2791 0.87965
2792 0.87965
2793 0.87965
2794 0.87965
2795 0.87965
2796 0.87965
2797 0.87965
2798 0.87965
2799 0.87965
2800 0.87965
2801 0.87965
2802 0.87965
2803 0.87965
2804 0.87965
2805 0.87965
2806 0.87965
2807 0.87965
2808 0.87965
2809 0.87965
2810 0.87965
2811 0.87965
2812 0.87965
2813 0.87965
2814 0.87965
2815 0.87965
2816 0.87965
2817 0.87965
2818 0.87965
2819 0.87965
2820 0.87965
2821 0.87965
2822 0.87965
2823 0.87965
2824 0.87965
2825 0.87965
2826 0.87965
2827 0.87965
2828 0.87965
2829 0.87965
2830 0.87965
2831 0.87965
2832 0.87965
2833 0.87965
2834 0.87965
2835 0.87965
2836 0.87965
2837 0.87965
2838 0.87965
2839 0.87965
2840 0.87965
2841 0.87965
2842 0.87965
2843 0.87965
2844 0.87965
2845 0.87965
2846 0.87965
2847 0.87965
2848 0.87965
2849 0.87965
2850 0.87965
2851 0.87965
2852 0.87965
2853 0.87965
2854 0.87965
2855 0.87965
2856 0.87965
2857 0.87965
2858 0.87965
2859 0.87965
2860 0.87965
2861 0.87965
2862 0.87965
2863 0.87965
2864 0.87965
2865 0.87965
2866 0.87965
2867 0.87965
2868 0.87965
2869 0.87965
2870 0.87965
2871 0.87965
2872 0.87965
2873 0.87965
2874 0.87965
2875 0.87965
2876 0.87965
2877 0.87965
2878 0.87965
2879 0.87965
2880 0.87965
2881 0.87965
2882 0.87965
2883 0.87965
2884 0.87965
2885 0.87965
2886 0.87965
2887 0.87965
2888 0.87965
2889 0.87965
2890 0.87965
2891 0.87965
2892 0.87965
2893 0.87965
2894 0.87965
2895 0.87965
2896 0.87965
2897 0.87965
2898 0.87965
2899 0.87965
2900 0.87965
2901 0.87965
2902 0.87965
2903 0.87965
2904 0.87965
2905 0.87965
2906 0.87965
2907 0.87965
2908 0.87965
2909 0.87965
2910 0.87965
2911 0.87965
2912 0.87965
2913 0.87965
2914 0.87965
2915 0.87965
2916 0.87965
2917 0.87965
2918 0.87965
2919 0.87965
2920 0.87965
2921 0.87965
2922 0.87965
2923 0.87965
2924 0.87965
2925 0.87965
2926 0.87965
2927 0.87965
2928 0.87965
2929 0.87965
2930 0.87965
2931 0.87965
2932 0.87965
2933 0.87965
2934 0.87965
2935 0.87965
2936 0.87965
2937 0.87965
2938 0.87965
2939 0.87965
2940 0.87965
2941 0.87965
2942 0.87965
2943 0.87965
2944 0.87965
2945 0.87965
2946 0.87965
2947 0.87965
2948 0.87965
2949 0.87965
2950 0.87965
2951 0.87965
2952 0.87965
2953 0.87965
2954 0.87965
2955 0.87965
2956 0.87965
2957 0.87965
2958 0.87965
2959 0.87965
2960 0.87965
2961 0.87965
2962 0.87965
2963 0.87965
2964 0.87965
2965 0.87965
2966 0.87965
2967 0.87965
2968 0.87965
2969 0.87965
2970 0.87965
2971 0.87965
2972 0.87965
2973 0.87965
2974 0.87965
2975 0.87965
2976 0.87965
2977 0.87965
2978 0.87965
2979 0.87965
2980 0.87965
2981 0.87965
2982 0.87965
2983 0.87965
2984 0.87965
2985 0.87965
2986 0.87965
2987 0.87965
2988 0.87965
2989 0.87965
2990 0.87965
2991 0.87965
2992 0.87965
2993 0.87965
2994 0.87965
2995 0.87965
2996 0.87965
2997 0.87965
2998 0.87965
2999 0.87965
3000 0.87965
3001 0.87965
3002 0.87965
3003 0.87965
3004 0.87965
3005 0.87965
3006 0.87965
3007 0.87965
3008 0.87965
3009 0.87965
3010 0.87965
3011 0.87965
3012 0.87965
3013 0.87965
3014 0.87965
3015 0.87965
3016 0.87965
3017 0.87965
3018 0.87965
3019 0.87965
3020 0.87965
3021 0.87965
3022 0.87965
3023 0.87965
3024 0.87965
3025 0.87965
3026 0.87965
3027 0.87965
3028 0.87965
3029 0.87965
3030 0.87965
3031 0.87965
3032 0.87965
3033 0.87965
3034 0.87965
3035 0.87965
3036 0.87965
3037 0.87965
3038 0.87965
3039 0.87965
3040 0.87965
3041 0.87965
3042 0.87965
3043 0.87965
3044 0.87965
3045 0.87965
3046 0.87965
3047 0.87965
3048 0.87965
3049 0.87965
3050 0.87965
3051 0.87965
3052 0.87965
3053 0.87965
3054 0.87965
3055 0.87965
3056 0.87965
3057 0.87965
3058 0.87965
3059 0.87965
3060 0.87965
3061 0.87965
3062 0.87965
3063 0.87965
3064 0.87965
3065 0.87965
3066 0.87965
3067 0.87965
3068 0.87965
3069 0.87965
3070 0.87965
3071 0.87965
3072 0.87965
3073 0.87965
3074 0.87965
3075 0.87965
3076 0.87965
3077 0.87965
3078 0.87965
3079 0.87965
3080 0.87965
3081 0.87965
3082 0.87965
3083 0.87965
3084 0.87965
3085 0.87965
3086 0.87965
3087 0.87965
3088 0.87965
3089 0.87965
3090 0.87965
3091 0.87965
3092 0.87965
3093 0.87965
3094 0.87965
3095 0.87965
3096 0.87965
3097 0.87965
3098 0.87965
3099 0.87965
3100 0.87965
3101 0.87965
3102 0.87965
3103 0.87965
3104 0.87965
3105 0.87965
3106 0.87965
3107 0.87965
3108 0.87965
3109 0.87965
3110 0.87965
3111 0.87965
3112 0.87965
3113 0.87965
3114 0.87965
3115 0.87965
3116 0.87965
3117 0.87965
3118 0.87965
3119 0.87965
3120 0.87965
3121 0.87965
3122 0.87965
3123 0.87965
3124 0.87965
3125 0.87965
3126 0.87965
3127 0.87965
3128 0.87965
3129 0.87965
3130 0.87965
3131 0.87965
3132 0.87965
3133 0.87965
3134 0.87965
3135 0.87965
3136 0.87965
3137 0.87965
3138 0.87965
3139 0.87965
3140 0.87965
3141 0.87965
3142 0.87965
3143 0.87965
3144 0.87965
3145 0.87965
3146 0.87965
3147 0.87965
3148 0.87965
3149 0.87965
3150 0.87965
3151 0.87965
3152 0.87965
3153 0.87965
3154 0.87965
3155 0.87965
3156 0.87965
3157 0.87965
3158 0.87965
3159 0.87965
3160 0.87965
3161 0.87965
3162 0.87965
3163 0.87965
3164 0.87965
3165 0.87965
3166 0.87965
3167 0.87965
3168 0.87965
3169 0.87965
3170 0.87965
3171 0.87965
3172 0.87965
3173 0.87965
3174 0.87965
3175 0.87965
3176 0.87965
3177 0.87965
3178 0.87965
3179 0.87965
3180 0.87965
3181 0.87965
3182 0.87965
3183 0.87965
3184 0.87965
3185 0.87965
3186 0.87965
3187 0.87965
3188 0.87965
3189 0.87965
3190 0.87965
3191 0.87965
3192 0.87965
3193 0.87965
3194 0.87965
3195 0.87965
3196 0.87965
3197 0.87965
3198 0.87965
3199 0.87965
3200 0.87965
3201 0.87965
3202 0.87965
3203 0.87965
3204 0.87965
3205 0.87965
3206 0.87965
3207 0.87965
3208 0.87965
3209 0.87965
3210 0.87965
3211 0.87965
3212 0.87965
3213 0.87965
3214 0.87965
3215 0.87965
3216 0.87965
3217 0.87965
3218 0.87965
3219 0.87965
3220 0.87965
3221 0.87965
3222 0.87965
3223 0.87965
3224 0.87965
3225 0.87965
3226 0.87965
3227 0.87965
3228 0.87965
3229 0.87965
3230 0.87965
3231 0.87965
3232 0.87965
3233 0.87965
3234 0.87965
3235 0.87965
3236 0.87965
3237 0.87965
3238 0.87965
3239 0.87965
3240 0.87965
3241 0.87965
3242 0.87965
3243 0.87965
3244 0.87965
3245 0.87965
3246 0.87965
3247 0.87965
3248 0.87965
3249 0.87965
3250 0.87965
3251 0.87965
3252 0.87965
3253 0.87965
3254 0.87965
3255 0.87965
3256 0.87965
3257 0.87965
3258 0.87965
3259 0.87965
3260 0.87965
3261 0.87965
3262 0.87965
3263 0.87965
3264 0.87965
3265 0.87965
3266 0.87965
3267 0.87965
3268 0.87965
3269 0.87965
3270 0.87965
3271 0.87965
3272 0.87965
3273 0.87965
3274 0.87965
3275 0.87965
3276 0.87965
3277 0.87965
3278 0.87965
3279 0.87965
3280 0.87965
3281 0.87965
3282 0.87965
3283 0.87965
3284 0.87965
3285 0.87965
3286 0.87965
3287 0.87965
3288 0.87965
3289 0.87965
3290 0.87965
3291 0.87965
3292 0.87965
3293 0.87965
3294 0.87965
3295 0.87965
3296 0.87965
3297 0.87965
3298 0.87965
3299 0.87965
3300 0.87965
3301 0.87965
3302 0.87965
3303 0.87965
3304 0.87965
3305 0.87965
3306 0.87965
3307 0.87965
3308 0.87965
3309 0.87965
3310 0.87965
3311 0.87965
3312 0.87965
3313 0.87965
3314 0.87965
3315 0.87965
3316 0.87965
3317 0.87965
3318 0.87965
3319 0.87965
3320 0.87965
3321 0.87965
3322 0.87965
3323 0.87965
3324 0.87965
3325 0.87965
3326 0.87965
3327 0.87965
3328 0.87965
3329 0.87965
3330 0.87965
3331 0.87965
3332 0.87965
3333 0.87965
3334 0.87965
3335 0.87965
3336 0.87965
3337 0.87965
3338 0.87965
3339 0.87965
3340 0.87965
3341 0.87965
3342 0.87965
3343 0.87965
3344 0.87965
3345 0.87965
3346 0.87965
3347 0.87965
3348 0.87965
3349 0.87965
3350 0.87965
3351 0.87965
3352 0.87965
3353 0.87965
3354 0.87965
3355 0.87965
3356 0.87965
3357 0.87965
3358 0.87965
3359 0.87965
3360 0.87965
3361 0.87965
3362 0.87965
3363 0.87965
3364 0.87965
3365 0.87965
3366 0.87965
3367 0.87965
3368 0.87965
3369 0.87965
3370 0.87965
3371 0.87965
3372 0.87965
3373 0.87965
3374 0.87965
3375 0.87965
3376 0.87965
3377 0.87965
3378 0.87965
3379 0.87965
3380 0.87965
3381 0.87965
3382 0.87965
3383 0.87965
3384 0.87965
3385 0.87965
3386 0.87965
3387 0.87965
3388 0.87965
3389 0.87965
3390 0.87965
3391 0.87965
3392 0.87965
3393 0.87965
3394 0.87965
3395 0.87965
3396 0.87965
3397 0.87965
3398 0.87965
3399 0.87965
3400 0.87965
3401 0.87965
3402 0.87965
3403 0.87965
3404 0.87965
3405 0.87965
3406 0.87965
3407 0.87965
3408 0.87965
3409 0.87965
3410 0.87965
3411 0.87965
3412 0.87965
3413 0.87965
3414 0.87965
3415 0.87965
3416 0.87965
3417 0.87965
3418 0.87965
3419 0.87965
3420 0.87965
3421 0.87965
3422 0.87965
3423 0.87965
3424 0.87965
3425 0.87965
3426 0.87965
3427 0.87965
3428 0.87965
3429 0.87965
3430 0.87965
3431 0.87965
3432 0.87965
3433 0.87965
3434 0.87965
3435 0.87965
3436 0.87965
3437 0.87965
3438 0.87965
3439 0.87965
3440 0.87965
3441 0.87965
3442 0.87965
3443 0.87965
3444 0.87965
3445 0.87965
3446 0.87965
3447 0.87965
3448 0.87965
3449 0.87965
3450 0.87965
3451 0.87965
3452 0.87965
3453 0.87965
3454 0.87965
3455 0.87965
3456 0.87965
3457 0.87965
3458 0.87965
3459 0.87965
3460 0.87965
3461 0.87965
3462 0.87965
3463 0.87965
3464 0.87965
3465 0.87965
3466 0.87965
3467 0.87965
3468 0.87965
3469 0.87965
3470 0.87965
3471 0.87965
3472 0.87965
3473 0.87965
3474 0.87965
3475 0.87965
3476 0.87965
3477 0.87965
3478 0.87965
3479 0.87965
3480 0.87965
3481 0.87965
3482 0.87965
3483 0.87965
3484 0.87965
3485 0.87965
3486 0.87965
3487 0.87965
3488 0.87965
3489 0.87965
3490 0.87965
3491 0.87965
3492 0.87965
3493 0.87965
3494 0.87965
3495 0.87965
3496 0.87965
3497 0.87965
3498 0.87965
3499 0.87965
3500 0.87965
3501 0.87965
3502 0.87965
3503 0.87965
3504 0.87965
3505 0.87965
3506 0.87965
3507 0.87965
3508 0.87965
3509 0.87965
3510 0.87965
3511 0.87965
3512 0.87965
3513 0.87965
3514 0.87965
3515 0.87965
3516 0.87965
3517 0.87965
3518 0.87965
3519 0.87965
3520 0.87965
3521 0.87965
3522 0.87965
3523 0.87965
3524 0.87965
3525 0.87965
3526 0.87965
3527 0.87965
3528 0.87965
3529 0.87965
3530 0.87965
3531 0.87965
3532 0.87965
3533 0.87965
3534 0.87965
3535 0.87965
3536 0.87965
3537 0.87965
3538 0.87965
3539 0.87965
3540 0.87965
3541 0.87965
3542 0.87965
3543 0.87965
3544 0.87965
3545 0.87965
3546 0.87965
3547 0.87965
3548 0.87965
3549 0.87965
3550 0.87965
3551 0.87965
3552 0.87965
3553 0.87965
3554 0.87965
3555 0.87965
3556 0.87965
3557 0.87965
3558 0.87965
3559 0.87965
3560 0.87965
3561 0.87965
3562 0.87965
3563 0.87965
3564 0.87965
3565 0.87965
3566 0.87965
3567 0.87965
3568 0.87965
3569 0.87965
3570 0.87965
3571 0.87965
3572 0.87965
3573 0.87965
3574 0.87965
3575 0.87965
3576 0.87965
3577 0.87965
3578 0.87965
3579 0.87965
3580 0.87965
3581 0.87965
3582 0.87965
3583 0.87965
3584 0.87965
3585 0.87965
3586 0.87965
3587 0.87965
3588 0.87965
3589 0.87965
3590 0.87965
3591 0.87965
3592 0.87965
3593 0.87965
3594 0.87965
3595 0.87965
3596 0.87965
3597 0.87965
3598 0.87965
3599 0.87965
3600 0.87965
3601 0.87965
3602 0.87965
3603 0.87965
3604 0.87965
3605 0.87965
3606 0.87965
3607 0.87965
3608 0.87965
3609 0.87965
3610 0.87965
3611 0.87965
3612 0.87965
3613 0.87965
3614 0.87965
3615 0.87965
3616 0.87965
3617 0.87965
3618 0.87965
3619 0.87965
3620 0.87965
3621 0.87965
3622 0.87965
3623 0.87965
3624 0.87965
3625 0.87965
3626 0.87965
3627 0.87965
3628 0.87965
3629 0.87965
3630 0.87965
3631 0.87965
3632 0.87965
3633 0.87965
3634 0.87965
3635 0.87965
3636 0.87965
3637 0.87965
3638 0.87965
3639 0.87965
3640 0.87965
3641 0.87965
3642 0.87965
3643 0.87965
3644 0.87965
3645 0.87965
3646 0.87965
3647 0.87965
3648 0.87965
3649 0.87965
3650 0.87965
3651 0.87965
3652 0.87965
3653 0.87965
3654 0.87965
3655 0.87965
3656 0.87965
3657 0.87965
3658 0.87965
3659 0.87965
3660 0.87965
3661 0.87965
3662 0.87965
3663 0.87965
3664 0.87965
3665 0.87965
3666 0.87965
3667 0.87965
3668 0.87965
3669 0.87965
3670 0.87965
3671 0.87965
3672 0.87965
3673 0.87965
3674 0.87965
3675 0.87965
3676 0.87965
3677 0.87965
3678 0.87965
3679 0.87965
3680 0.87965
3681 0.87965
3682 0.87965
3683 0.87965
3684 0.87965
3685 0.87965
3686 0.87965
3687 0.87965
3688 0.87965
3689 0.87965
3690 0.87965
3691 0.87965
3692 0.87965
3693 0.87965
3694 0.87965
3695 0.87965
3696 0.87965
3697 0.87965
3698 0.87965
3699 0.87965
3700 0.87965
3701 0.87965
3702 0.87965
3703 0.87965
3704 0.87965
3705 0.87965
3706 0.87965
3707 0.87965
3708 0.87965
3709 0.87965
3710 0.87965
3711 0.87965
3712 0.87965
3713 0.87965
3714 0.87965
3715 0.87965
3716 0.87965
3717 0.87965
3718 0.87965
3719 0.87965
3720 0.87965
3721 0.87965
3722 0.87965
3723 0.87965
3724 0.87965
3725 0.87965
3726 0.87965
3727 0.87965
3728 0.87965
3729 0.87965
3730 0.87965
3731 0.87965
3732 0.87965
3733 0.87965
3734 0.87965
3735 0.87965
3736 0.87965
3737 0.87965
3738 0.87965
3739 0.87965
3740 0.87965
3741 0.87965
3742 0.87965
3743 0.87965
3744 0.87965
3745 0.87965
3746 0.87965
3747 0.87965
3748 0.87965
3749 0.87965
3750 0.87965
3751 0.87965
3752 0.87965
3753 0.87965
3754 0.87965
3755 0.87965
3756 0.87965
3757 0.87965
3758 0.87965
3759 0.87965
3760 0.87965
3761 0.87965
3762 0.87965
3763 0.87965
3764 0.87965
3765 0.87965
3766 0.87965
3767 0.87965
3768 0.87965
3769 0.87965
3770 0.87965
3771 0.87965
3772 0.87965
3773 0.87965
3774 0.87965
3775 0.87965
3776 0.87965
3777 0.87965
3778 0.87965
3779 0.87965
3780 0.87965
3781 0.87965
3782 0.87965
3783 0.87965
3784 0.87965
3785 0.87965
3786 0.87965
3787 0.87965
3788 0.87965
3789 0.87965
3790 0.87965
3791 0.87965
3792 0.87965
3793 0.87965
3794 0.87965
3795 0.87965
3796 0.87965
3797 0.87965
3798 0.87965
3799 0.87965
3800 0.87965
3801 0.87965
3802 0.87965
3803 0.87965
3804 0.87965
3805 0.87965
3806 0.87965
3807 0.87965
3808 0.87965
3809 0.87965
3810 0.87965
3811 0.87965
3812 0.87965
3813 0.87965
3814 0.87965
3815 0.87965
3816 0.87965
3817 0.87965
3818 0.87965
3819 0.87965
3820 0.87965
3821 0.87965
3822 0.87965
3823 0.87965
3824 0.87965
3825 0.87965
3826 0.87965
3827 0.87965
3828 0.87965
3829 0.87965
3830 0.87965
3831 0.87965
3832 0.87965
3833 0.87965
3834 0.87965
3835 0.87965
3836 0.87965
3837 0.87965
3838 0.87965
3839 0.87965
3840 0.87965
3841 0.87965
3842 0.87965
3843 0.87965
3844 0.87965
3845 0.87965
3846 0.87965
3847 0.87965
3848 0.87965
3849 0.87965
3850 0.87965
3851 0.87965
3852 0.87965
3853 0.87965
3854 0.87965
3855 0.87965
3856 0.87965
3857 0.87965
3858 0.87965
3859 0.87965
3860 0.87965
3861 0.87965
3862 0.87965
3863 0.87965
3864 0.87965
3865 0.87965
3866 0.87965
3867 0.87965
3868 0.87965
3869 0.87965
3870 0.87965
3871 0.87965
3872 0.87965
3873 0.87965
3874 0.87965
3875 0.87965
3876 0.87965
3877 0.87965
3878 0.87965
3879 0.87965
3880 0.87965
3881 0.87965
3882 0.87965
3883 0.87965
3884 0.87965
3885 0.87965
3886 0.87965
3887 0.87965
3888 0.87965
3889 0.87965
3890 0.87965
3891 0.87965
3892 0.87965
3893 0.87965
3894 0.87965
3895 0.87965
3896 0.87965
3897 0.87965
3898 0.87965
3899 0.87965
3900 0.87965
3901 0.87965
3902 0.87965
3903 0.87965
3904 0.87965
3905 0.87965
3906 0.87965
3907 0.87965
3908 0.87965
3909 0.87965
3910 0.87965
3911 0.87965
3912 0.87965
3913 0.87965
3914 0.87965
3915 0.87965
3916 0.87965
3917 0.87965
3918 0.87965
3919 0.87965
3920 0.87965
3921 0.87965
3922 0.87965
3923 0.87965
3924 0.87965
3925 0.87965
3926 0.87965
3927 0.87965
3928 0.87965
3929 0.87965
3930 0.87965
3931 0.87965
3932 0.87965
3933 0.87965
3934 0.87965
3935 0.87965
3936 0.87965
3937 0.87965
3938 0.87965
3939 0.87965
3940 0.87965
3941 0.87965
3942 0.87965
3943 0.87965
3944 0.87965
3945 0.87965
3946 0.87965
3947 0.87965
3948 0.87965
3949 0.87965
3950 0.87965
3951 0.87965
3952 0.87965
3953 0.87965
3954 0.87965
3955 0.87965
3956 0.87965
3957 0.87965
3958 0.87965
3959 0.87965
3960 0.87965
3961 0.87965
3962 0.87965
3963 0.87965
3964 0.87965
3965 0.87965
3966 0.87965
3967 0.87965
3968 0.87965
3969 0.87965
3970 0.87965
3971 0.87965
3972 0.87965
3973 0.87965
3974 0.87965
3975 0.87965
3976 0.87965
3977 0.87965
3978 0.87965
3979 0.87965
3980 0.87965
3981 0.87965
3982 0.87965
3983 0.87965
3984 0.87965
3985 0.87965
3986 0.87965
3987 0.87965
3988 0.87965
3989 0.87965
3990 0.87965
3991 0.87965
3992 0.87965
3993 0.87965
3994 0.87965
3995 0.87965
3996 0.87965
3997 0.87965
3998 0.87965
3999 0.87965
4000 0.87965
