0 0.19199
1 0.19199
2 0.19199
3 0.19199
4 0.19199
5 0.19373
6 0.19373
7 0.19548
8 0.19548
9 0.19722
10 0.19897
11 0.20071
12 0.20246
13 0.20595
14 0.20769
15 0.21118
16 0.21293
17 0.21642
18 0.21991
19 0.22340
20 0.22689
21 0.23038
22 0.23387
23 0.23736
24 0.24086
25 0.24609
26 0.24958
27 0.25307
28 0.25831
29 0.26354
30 0.26704
31 0.27227
32 0.27751
33 0.28100
34 0.28623
35 0.29147
36 0.29671
37 0.30194
38 0.30718
39 0.31241
40 0.31765
41 0.32289
42 0.32812
43 0.33336
44 0.34034
45 0.34558
46 0.35081
47 0.35605
48 0.36303
49 0.36826
50 0.37525
51 0.38048
52 0.38572
53 0.39270
54 0.39794
55 0.40492
56 0.41015
57 0.41713
58 0.42412
59 0.42935
60 0.43633
61 0.44157
62 0.44855
63 0.45553
64 0.46077
65 0.46775
66 0.47473
67 0.47997
68 0.48695
69 0.49393
70 0.50091
71 0.50615
72 0.51313
73 0.52011
74 0.52709
75 0.53233
76 0.53931
77 0.54629
78 0.55327
79 0.56025
80 0.56549
81 0.57247
82 0.57945
83 0.58643
84 0.59341
85 0.60039
86 0.60737
87 0.61436
88 0.61959
89 0.62657
90 0.63355
91 0.64054
92 0.64752
93 0.65450
94 0.66148
95 0.66846
96 0.67544
97 0.68242
98 0.68941
99 0.69639
100 0.70337
101 0.71035
102 0.71733
103 0.72431
104 0.73129
105 0.73827
106 0.74526
107 0.75224
108 0.75922
109 0.76620
110 0.77318
111 0.78016
112 0.78714
113 0.79412
114 0.80111
115 0.80634
116 0.81332
117 0.82030
118 0.82729
119 0.83427
120 0.84125
121 0.84823
122 0.85696
123 0.86394
124 0.87092
125 0.87790
126 0.88488
127 0.89186
128 0.89710
129 0.90583
130 0.91281
131 0.91979
132 0.92677
133 0.93375
134 0.94073
135 0.94771
136 0.95470
137 0.96168
138 0.96866
139 0.97564
140 0.98262
141 0.98960
142 0.99658
143 1.00356
144 1.01055
145 1.01753
146 1.02451
147 1.03149
148 1.03847
149 1.04545
150 1.05243
151 1.05941
152 1.06640
153 1.07338
154 1.08036
155 1.08734
156 1.09432
157 1.10130
158 1.10828
159 1.11527
160 1.12225
161 1.12923
162 1.13621
163 1.14319
164 1.15017
165 1.15715
166 1.16413
167 1.17112
168 1.17810
169 1.18682
170 1.19381
171 1.20079
172 1.20777
173 1.21475
174 1.22173
175 1.22871
176 1.23569
177 1.24267
178 1.24966
179 1.25664
180 1.26362
181 1.27060
182 1.27758
183 1.28456
184 1.29154
185 1.29852
186 1.30551
187 1.31249
188 1.31947
189 1.32645
190 1.33343
191 1.34041
192 1.34739
193 1.35438
194 1.36136
195 1.36834
196 1.37532
197 1.38230
198 1.38928
199 1.39626
200 1.40324
201 1.41023
202 1.41721
203 1.42419
204 1.43117
205 1.43815
206 1.44513
207 1.45037
208 1.45735
209 1.46433
210 1.46957
211 1.47655
212 1.48178
213 1.48877
214 1.49400
215 1.50098
216 1.50622
217 1.51146
218 1.51669
219 1.52193
220 1.52891
221 1.53414
222 1.53938
223 1.54287
224 1.54811
225 1.55334
226 1.55858
227 1.56207
228 1.56556
229 1.57080
230 1.57429
231 1.57952
232 1.58301
233 1.58650
234 1.58999
235 1.59349
236 1.59698
237 1.59872
238 1.60221
239 1.60570
240 1.60745
241 1.61094
242 1.61268
243 1.61617
244 1.61792
245 1.61967
246 1.62141
247 1.62316
248 1.62490
249 1.62665
250 1.62839
251 1.63014
252 1.63014
253 1.63188
254 1.63363
255 1.63363
256 1.63537
257 1.63537
258 1.63537
259 1.63712
260 1.63712
261 1.63712
262 1.63712
263 1.63712
264 1.63712
265 1.63712
266 1.63712
267 1.63537
268 1.63537
269 1.63537
270 1.63537
271 1.63363
272 1.63363
273 1.63188
274 1.63188
275 1.63188
276 1.63014
277 1.62839
278 1.62839
279 1.62665
280 1.62665
281 1.62490
282 1.62490
283 1.62316
284 1.62141
285 1.62141
286 1.61967
287 1.61967
288 1.61792
289 1.61617
290 1.61617
291 1.61443
292 1.61268
293 1.61268
294 1.61094
295 1.60919
296 1.60919
297 1.60745
298 1.60570
299 1.60570
300 1.60396
301 1.60221
302 1.60221
303 1.60047
304 1.59872
305 1.59872
306 1.59698
307 1.59698
308 1.59523
309 1.59523
310 1.59349
311 1.59174
312 1.59174
313 1.58999
314 1.58999
315 1.58825
316 1.58825
317 1.58650
318 1.58476
319 1.58476
320 1.58301
321 1.58301
322 1.58301
323 1.58127
324 1.58127
325 1.57952
326 1.57952
327 1.57952
328 1.57778
329 1.57778
330 1.57778
331 1.57603
332 1.57603
333 1.57603
334 1.57429
335 1.57429
336 1.57429
337 1.57429
338 1.57254
339 1.57254
340 1.57254
341 1.57254
342 1.57080
343 1.57080
344 1.57080
345 1.57080
346 1.57080
347 1.57080
348 1.56905
349 1.56905
350 1.56905
351 1.56905
352 1.56905
353 1.56905
354 1.56905
355 1.56905
356 1.56905
357 1.56905
358 1.56905
359 1.56905
360 1.56905
361 1.56905
362 1.56905
363 1.56905
364 1.56905
365 1.56905
366 1.56905
367 1.56905
368 1.56905
369 1.56905
370 1.56905
371 1.56905
372 1.56905
373 1.56905
374 1.56905
375 1.56905
376 1.56905
377 1.56905
378 1.56905
379 1.56905
380 1.56905
381 1.56905
382 1.56905
383 1.56905
384 1.56905
385 1.56905
386 1.56905
387 1.56905
388 1.56905
389 1.56905
390 1.56905
391 1.56905
392 1.57080
393 1.57080
394 1.57080
395 1.57080
396 1.57080
397 1.57080
398 1.57080
399 1.57080
400 1.57080
401 1.57080
402 1.57080
403 1.57080
404 1.57080
405 1.57080
406 1.57254
407 1.57254
408 1.57254
409 1.57254
410 1.57254
411 1.57254
412 1.57254
413 1.57254
414 1.57254
415 1.57254
416 1.57429
417 1.57429
418 1.57429
419 1.57429
420 1.57429
421 1.57429
422 1.57429
423 1.57429
424 1.57429
425 1.57429
426 1.57429
427 1.57429
428 1.57429
429 1.57429
430 1.57429
431 1.57429
432 1.57429
433 1.57429
434 1.57429
435 1.57429
436 1.57429
437 1.57429
438 1.57429
439 1.57429
440 1.57429
441 1.57429
442 1.57429
443 1.57429
444 1.57429
445 1.57429
446 1.57429
447 1.57429
448 1.57429
449 1.57429
450 1.57429
451 1.57429
452 1.57429
453 1.57429
454 1.57429
455 1.57429
456 1.57429
457 1.57429
458 1.57429
459 1.57429
460 1.57429
461 1.57429
462 1.57429
463 1.57429
464 1.57429
465 1.57429
466 1.57429
467 1.57429
468 1.57429
469 1.57429
470 1.57429
471 1.57429
472 1.57429
473 1.57429
474 1.57429
475 1.57429
476 1.57429
477 1.57429
478 1.57429
479 1.57429
480 1.57429
481 1.57429
482 1.57429
483 1.57429
484 1.57429
485 1.57429
486 1.57429
487 1.57429
488 1.57429
489 1.57429
490 1.57429
491 1.57429
492 1.57429
493 1.57429
494 1.57429
495 1.57429
496 1.57429
497 1.57429
498 1.57429
499 1.57429
500 1.57429
501 1.57429
502 1.57429
503 1.57429
504 1.57429
505 1.57429
506 1.57429
507 1.57429
508 1.57429
509 1.57429
510 1.57429
511 1.57429
512 1.57429
513 1.57429
514 1.57429
515 1.57429
516 1.57429
517 1.57429
518 1.57429
519 1.57429
520 1.57429
521 1.57429
522 1.57429
523 1.57429
524 1.57429
525 1.57429
526 1.57429
527 1.57429
528 1.57429
529 1.57429
530 1.57429
531 1.57429
532 1.57429
533 1.57429
534 1.57429
535 1.57429
536 1.57429
537 1.57429
538 1.57429
539 1.57429
540 1.57429
541 1.57429
542 1.57429
543 1.57429
544 1.57429
545 1.57429
546 1.57429
547 1.57429
548 1.57429
549 1.57429
550 1.57429
551 1.57429
552 1.57429
553 1.57429
554 1.57429
555 1.57429
556 1.57429
557 1.57429
558 1.57429
559 1.57429
560 1.57429
561 1.57429
562 1.57429
563 1.57429
564 1.57429
565 1.57429
566 1.57429
567 1.57429
568 1.57429
569 1.57429
570 1.57429
571 1.57429
572 1.57429
573 1.57429
574 1.57429
575 1.57429
576 1.57429
577 1.57429
578 1.57429
579 1.57429
580 1.57429
581 1.57429
582 1.57429
583 1.57429
584 1.57429
585 1.57429
586 1.57429
587 1.57429
588 1.57429
589 1.57429
590 1.57429
591 1.57429
592 1.57429
593 1.57429
594 1.57429
595 1.57429
596 1.57429
597 1.57429
598 1.57429
599 1.57429
600 1.57429
601 1.57429
602 1.57429
603 1.57429
604 1.57429
605 1.57429
606 1.57429
607 1.57429
608 1.57429
609 1.57429
610 1.57429
611 1.57429
612 1.57429
613 1.57429
614 1.57429
615 1.57429
616 1.57429
617 1.57429
618 1.57429
619 1.57429
620 1.57429
621 1.57429
622 1.57429
623 1.57429
624 1.57429
625 1.57429
626 1.57429
627 1.57429
628 1.57429
629 1.57429
630 1.57429
631 1.57429
632 1.57429
633 1.57429
634 1.57429
635 1.57429
636 1.57429
637 1.57429
638 1.57429
639 1.57429
640 1.57429
641 1.57429
642 1.57429
643 1.57429
644 1.57429
645 1.57429
646 1.57429
647 1.57429
648 1.57429
649 1.57429
650 1.57429
651 1.57429
652 1.57429
653 1.57429
654 1.57429
655 1.57429
656 1.57429
657 1.57429
658 1.57429
659 1.57429
660 1.57429
661 1.57429
662 1.57429
663 1.57429
664 1.57429
665 1.57429
666 1.57429
667 1.57429
668 1.57429
669 1.57429
670 1.57429
671 1.57429
672 1.57429
673 1.57429
674 1.57429
675 1.57429
676 1.57429
677 1.57429
678 1.57429
679 1.57429
680 1.57429
681 1.57429
682 1.57429
683 1.57429
684 1.57429
685 1.57429
686 1.57429
687 1.57429
688 1.57429
689 1.57429
690 1.57429
691 1.57429
692 1.57429
693 1.57429
694 1.57429
695 1.57429
696 1.57429
697 1.57429
698 1.57429
699 1.57429
700 1.57429
701 1.57429
702 1.57429
703 1.57429
704 1.57429
705 1.57429
706 1.57429
707 1.57429
708 1.57429
709 1.57429
710 1.57429
711 1.57429
712 1.57429
713 1.57429
714 1.57429
715 1.57429
716 1.57429
717 1.57429
718 1.57429
719 1.57429
720 1.57429
721 1.57429
722 1.57429
723 1.57429
724 1.57429
725 1.57429
726 1.57429
727 1.57429
728 1.57429
729 1.57429
730 1.57429
731 1.57429
732 1.57429
733 1.57429
734 1.57429
735 1.57429
736 1.57429
737 1.57429
738 1.57429
739 1.57429
740 1.57429
741 1.57429
742 1.57429
743 1.57429
744 1.57429
745 1.57429
746 1.57429
747 1.57429
748 1.57429
749 1.57429
750 1.57429
751 1.57429
752 1.57429
753 1.57429
754 1.57429
755 1.57429
756 1.57429
757 1.57429
758 1.57429
759 1.57429
760 1.57429
761 1.57429
762 1.57429
763 1.57429
764 1.57429
765 1.57429
766 1.57429
767 1.57429
768 1.57429
769 1.57429
770 1.57429
771 1.57429
772 1.57429
773 1.57429
774 1.57429
775 1.57429
776 1.57429
777 1.57429
778 1.57429
779 1.57429
780 1.57429
781 1.57429
782 1.57429
783 1.57429
784 1.57429
785 1.57429
786 1.57429
787 1.57429
788 1.57429
789 1.57429
790 1.57429
791 1.57429
792 1.57429
793 1.57429
794 1.57429
795 1.57429
796 1.57429
797 1.57429
798 1.57429
799 1.57429
800 1.57429
801 1.57429
802 1.57429
803 1.57429
804 1.57429
805 1.57429
806 1.57429
807 1.57429
808 1.57429
809 1.57429
810 1.57429
811 1.57429
812 1.57429
813 1.57429
814 1.57429
815 1.57429
816 1.57429
817 1.57429
818 1.57429
819 1.57429
820 1.57429
821 1.57429
822 1.57429
823 1.57429
824 1.57429
825 1.57429
826 1.57429
827 1.57429
828 1.57429
829 1.57429
830 1.57429
831 1.57429
832 1.57429
833 1.57429
834 1.57429
835 1.57429
836 1.57429
837 1.57429
838 1.57429
839 1.57429
840 1.57429
841 1.57429
842 1.57429
843 1.57429
844 1.57429
845 1.57429
846 1.57429
847 1.57429
848 1.57429
849 1.57429
850 1.57429
851 1.57429
852 1.57429
853 1.57429
854 1.57429
855 1.57429
856 1.57429
857 1.57429
858 1.57429
859 1.57429
860 1.57429
861 1.57429
862 1.57429
863 1.57429
864 1.57429
865 1.57429
866 1.57429
867 1.57429
868 1.57429
869 1.57429
870 1.57429
871 1.57429
872 1.57429
873 1.57429
874 1.57429
875 1.57429
876 1.57429
877 1.57429
878 1.57429
879 1.57429
880 1.57429
881 1.57429
882 1.57429
883 1.57429
884 1.57429
885 1.57429
886 1.57429
887 1.57429
888 1.57429
889 1.57429
890 1.57429
891 1.57429
892 1.57429
893 1.57429
894 1.57429
895 1.57429
896 1.57429
897 1.57429
898 1.57429
899 1.57429
900 1.57429
901 1.57429
902 1.57429
903 1.57429
904 1.57429
905 1.57429
906 1.57429
907 1.57429
908 1.57429
909 1.57429
910 1.57429
911 1.57429
912 1.57429
913 1.57429
914 1.57429
915 1.57429
916 1.57429
917 1.57429
918 1.57429
919 1.57429
920 1.57429
921 1.57429
922 1.57429
923 1.57429
924 1.57429
925 1.57429
926 1.57429
927 1.57429
928 1.57429
929 1.57429
930 1.57429
931 1.57429
932 1.57429
933 1.57429
934 1.57429
935 1.57429
936 1.57429
937 1.57429
938 1.57429
939 1.57429
940 1.57429
941 1.57429
942 1.57429
943 1.57429
944 1.57429
945 1.57429
946 1.57429
947 1.57429
948 1.57429
949 1.57429
950 1.57429
951 1.57429
952 1.57429
953 1.57429
954 1.57429
955 1.57429
956 1.57429
957 1.57429
958 1.57429
959 1.57429
960 1.57429
961 1.57429
962 1.57429
963 1.57429
964 1.57429
965 1.57429
966 1.57429
967 1.57429
968 1.57429
969 1.57429
970 1.57429
971 1.57429
972 1.57429
973 1.57429
974 1.57429
975 1.57429
976 1.57429
977 1.57429
978 1.57429
979 1.57429
980 1.57429
981 1.57429
982 1.57429
983 1.57429
984 1.57429
985 1.57429
986 1.57429
987 1.57429
988 1.57429
989 1.57429
990 1.57429
991 1.57429
992 1.57429
993 1.57429
994 1.57429
995 1.57429
996 1.57429
997 1.57429
998 1.57429
999 1.57429
1000 1.57429
1001 1.57429
1002 1.57429
1003 1.57429
1004 1.57429
1005 1.57429
1006 1.57429
1007 1.57429
1008 1.57429
1009 1.57429
1010 1.57429
1011 1.57429
1012 1.57429
1013 1.57429
1014 1.57429
1015 1.57429
1016 1.57429
1017 1.57429
1018 1.57429
1019 1.57429
1020 1.57429
1021 1.57429
1022 1.57429
1023 1.57429
1024 1.57429
1025 1.57429
1026 1.57429
1027 1.57429
1028 1.57429
1029 1.57429
1030 1.57429
1031 1.57429
1032 1.57429
1033 1.57429
1034 1.57429
1035 1.57429
1036 1.57429
1037 1.57429
1038 1.57429
1039 1.57429
1040 1.57429
1041 1.57429
1042 1.57429
1043 1.57429
1044 1.57429
1045 1.57429
1046 1.57429
1047 1.57429
1048 1.57429
1049 1.57429
1050 1.57429
1051 1.57429
1052 1.57429
1053 1.57429
1054 1.57429
1055 1.57429
1056 1.57429
1057 1.57429
1058 1.57429
1059 1.57429
1060 1.57429
1061 1.57429
1062 1.57429
1063 1.57429
1064 1.57429
1065 1.57429
1066 1.57429
1067 1.57429
1068 1.57429
1069 1.57429
1070 1.57429
1071 1.57429
1072 1.57429
1073 1.57429
1074 1.57429
1075 1.57429
1076 1.57429
1077 1.57429
1078 1.57429
1079 1.57429
1080 1.57429
1081 1.57429
1082 1.57429
1083 1.57429
1084 1.57429
1085 1.57429
1086 1.57429
1087 1.57429
1088 1.57429
1089 1.57429
1090 1.57429
1091 1.57429
1092 1.57429
1093 1.57429
1094 1.57429
1095 1.57429
1096 1.57429
1097 1.57429
1098 1.57429
1099 1.57429
1100 1.57429
1101 1.57429
1102 1.57429
1103 1.57429
1104 1.57429
1105 1.57429
1106 1.57429
1107 1.57429
1108 1.57429
1109 1.57429
1110 1.57429
1111 1.57429
1112 1.57429
1113 1.57429
1114 1.57429
1115 1.57429
1116 1.57429
1117 1.57429
1118 1.57429
1119 1.57429
1120 1.57429
1121 1.57429
1122 1.57429
1123 1.57429
1124 1.57429
1125 1.57429
1126 1.57429
1127 1.57429
1128 1.57429
1129 1.57429
1130 1.57429
1131 1.57429
1132 1.57429
1133 1.57429
1134 1.57429
1135 1.57429
1136 1.57429
1137 1.57429
1138 1.57429
1139 1.57429
1140 1.57429
1141 1.57429
1142 1.57429
1143 1.57429
1144 1.57429
1145 1.57429
1146 1.57429
1147 1.57429
1148 1.57429
1149 1.57429
1150 1.57429
1151 1.57429
1152 1.57429
1153 1.57429
1154 1.57429
1155 1.57429
1156 1.57429
1157 1.57429
1158 1.57429
1159 1.57429
1160 1.57429
1161 1.57429
1162 1.57429
1163 1.57429
1164 1.57429
1165 1.57429
1166 1.57429
1167 1.57429
1168 1.57429
1169 1.57429
1170 1.57429
1171 1.57429
1172 1.57429
1173 1.57429
1174 1.57429
1175 1.57429
1176 1.57429
1177 1.57429
1178 1.57429
1179 1.57429
1180 1.57429
1181 1.57429
1182 1.57429
1183 1.57429
1184 1.57429
1185 1.57429
1186 1.57429
1187 1.57429
1188 1.57429
1189 1.57429
1190 1.57429
1191 1.57429
1192 1.57429
1193 1.57429
1194 1.57429
1195 1.57429
1196 1.57429
1197 1.57429
1198 1.57429
1199 1.57429
1200 1.57429
1201 1.57429
1202 1.57429
1203 1.57429
1204 1.57429
1205 1.57429
1206 1.57429
1207 1.57429
1208 1.57429
1209 1.57429
1210 1.57429
1211 1.57429
1212 1.57429
1213 1.57429
1214 1.57429
1215 1.57429
1216 1.57429
1217 1.57429
1218 1.57429
1219 1.57429
1220 1.57429
1221 1.57429
1222 1.57429
1223 1.57429
1224 1.57429
1225 1.57429
1226 1.57429
1227 1.57429
1228 1.57429
1229 1.57429
1230 1.57429
1231 1.57429
1232 1.57429
1233 1.57429
1234 1.57429
1235 1.57429
1236 1.57429
1237 1.57429
1238 1.57429
1239 1.57429
1240 1.57429
1241 1.57429
1242 1.57429
1243 1.57429
1244 1.57429
1245 1.57429
1246 1.57429
1247 1.57429
1248 1.57429
1249 1.57429
1250 1.57429
1251 1.57429
1252 1.57429
1253 1.57429
1254 1.57429
1255 1.57429
1256 1.57429
1257 1.57429
1258 1.57429
1259 1.57429
1260 1.57429
1261 1.57429
1262 1.57429
1263 1.57429
1264 1.57429
1265 1.57429
1266 1.57429
1267 1.57429
1268 1.57429
1269 1.57429
1270 1.57429
1271 1.57429
1272 1.57429
1273 1.57429
1274 1.57429
1275 1.57429
1276 1.57429
1277 1.57429
1278 1.57429
1279 1.57429
1280 1.57429
1281 1.57429
1282 1.57429
1283 1.57429
1284 1.57429
1285 1.57429
1286 1.57429
1287 1.57429
1288 1.57429
1289 1.57429
1290 1.57429
1291 1.57429
1292 1.57429
1293 1.57429
1294 1.57429
1295 1.57429
1296 1.57429
1297 1.57429
1298 1.57429
1299 1.57429
1300 1.57429
1301 1.57429
1302 1.57429
1303 1.57429
1304 1.57429
1305 1.57429
1306 1.57429
1307 1.57429
1308 1.57429
1309 1.57429
1310 1.57429
1311 1.57429
1312 1.57429
1313 1.57429
1314 1.57429
1315 1.57429
1316 1.57429
1317 1.57429
1318 1.57429
1319 1.57429
1320 1.57429
1321 1.57429
1322 1.57429
1323 1.57429
1324 1.57429
1325 1.57429
1326 1.57429
1327 1.57429
1328 1.57429
1329 1.57429
1330 1.57429
1331 1.57429
1332 1.57429
1333 1.57429
1334 1.57429
1335 1.57429
1336 1.57429
1337 1.57429
1338 1.57429
1339 1.57429
1340 1.57429
1341 1.57429
1342 1.57429
1343 1.57429
1344 1.57429
1345 1.57429
1346 1.57429
1347 1.57429
1348 1.57429
1349 1.57429
1350 1.57429
1351 1.57429
1352 1.57429
1353 1.57429
1354 1.57429
1355 1.57429
1356 1.57429
1357 1.57429
1358 1.57429
1359 1.57429
1360 1.57429
1361 1.57429
1362 1.57429
1363 1.57429
1364 1.57429
1365 1.57429
1366 1.57429
1367 1.57429
1368 1.57429
1369 1.57429
1370 1.57429
1371 1.57429
1372 1.57429
1373 1.57429
1374 1.57429
1375 1.57429
1376 1.57429
1377 1.57429
1378 1.57429
1379 1.57429
1380 1.57429
1381 1.57429
1382 1.57429
1383 1.57429
1384 1.57429
1385 1.57429
1386 1.57429
1387 1.57429
1388 1.57429
1389 1.57429
1390 1.57429
1391 1.57429
1392 1.57429
1393 1.57429
1394 1.57429
1395 1.57429
1396 1.57429
1397 1.57429
1398 1.57429
1399 1.57429
1400 1.57429
1401 1.57429
1402 1.57429
1403 1.57429
1404 1.57429
1405 1.57429
1406 1.57429
1407 1.57429
1408 1.57429
1409 1.57429
1410 1.57429
1411 1.57429
1412 1.57429
1413 1.57429
1414 1.57429
1415 1.57429
1416 1.57429
1417 1.57429
1418 1.57429
1419 1.57429
1420 1.57429
1421 1.57429
1422 1.57429
1423 1.57429
1424 1.57429
1425 1.57429
1426 1.57429
1427 1.57429
1428 1.57429
1429 1.57429
1430 1.57429
1431 1.57429
1432 1.57429
1433 1.57429
1434 1.57429
1435 1.57429
1436 1.57429
1437 1.57429
1438 1.57429
1439 1.57429
1440 1.57429
1441 1.57429
1442 1.57429
1443 1.57429
1444 1.57429
1445 1.57429
1446 1.57429
1447 1.57429
1448 1.57429
1449 1.57429
1450 1.57429
1451 1.57429
1452 1.57429
1453 1.57429
1454 1.57429
1455 1.57429
1456 1.57429
1457 1.57429
1458 1.57429
1459 1.57429
1460 1.57429
1461 1.57429
1462 1.57429
1463 1.57429
1464 1.57429
1465 1.57429
1466 1.57429
1467 1.57429
1468 1.57429
1469 1.57429
1470 1.57429
1471 1.57429
1472 1.57429
1473 1.57429
1474 1.57429
1475 1.57429
1476 1.57429
1477 1.57429
1478 1.57429
1479 1.57429
1480 1.57429
1481 1.57429
1482 1.57429
1483 1.57429
1484 1.57429
1485 1.57429
1486 1.57429
1487 1.57429
1488 1.57429
1489 1.57429
1490 1.57429
1491 1.57429
1492 1.57429
1493 1.57429
1494 1.57429
1495 1.57429
1496 1.57429
1497 1.57429
1498 1.57429
1499 1.57429
1500 1.57429
1501 1.57429
1502 1.57429
1503 1.57429
1504 1.57429
1505 1.57429
1506 1.57429
1507 1.57429
1508 1.57429
1509 1.57429
1510 1.57429
1511 1.57429
1512 1.57429
1513 1.57429
1514 1.57429
1515 1.57429
1516 1.57429
1517 1.57429
1518 1.57429
1519 1.57429
1520 1.57429
1521 1.57429
1522 1.57429
1523 1.57429
1524 1.57429
1525 1.57429
1526 1.57429
1527 1.57429
1528 1.57429
1529 1.57429
1530 1.57429
1531 1.57429
1532 1.57429
1533 1.57429
1534 1.57429
1535 1.57429
1536 1.57429
1537 1.57429
1538 1.57429
1539 1.57429
1540 1.57429
1541 1.57429
1542 1.57429
1543 1.57429
1544 1.57429
1545 1.57429
1546 1.57429
1547 1.57429
1548 1.57429
1549 1.57429
1550 1.57429
1551 1.57429
1552 1.57429
1553 1.57429
1554 1.57429
1555 1.57429
1556 1.57429
1557 1.57429
1558 1.57429
1559 1.57429
1560 1.57429
1561 1.57429
1562 1.57429
1563 1.57429
1564 1.57429
1565 1.57429
1566 1.57429
1567 1.57429
1568 1.57429
1569 1.57429
1570 1.57429
1571 1.57429
1572 1.57429
1573 1.57429
1574 1.57429
1575 1.57429
1576 1.57429
1577 1.57429
1578 1.57429
1579 1.57429
1580 1.57429
1581 1.57429
1582 1.57429
1583 1.57429
1584 1.57429
1585 1.57429
1586 1.57429
1587 1.57429
1588 1.57429
1589 1.57429
1590 1.57429
1591 1.57429
1592 1.57429
1593 1.57429
1594 1.57429
1595 1.57429
1596 1.57429
1597 1.57429
1598 1.57429
1599 1.57429
1600 1.57429
1601 1.57429
1602 1.57429
1603 1.57429
1604 1.57429
1605 1.57429
1606 1.57429
1607 1.57429
1608 1.57429
1609 1.57429
1610 1.57429
1611 1.57429
1612 1.57429
1613 1.57429
1614 1.57429
1615 1.57429
1616 1.57429
1617 1.57429
1618 1.57429
1619 1.57429
1620 1.57429
1621 1.57429
1622 1.57429
1623 1.57429
1624 1.57429
1625 1.57429
1626 1.57429
1627 1.57429
1628 1.57429
1629 1.57429
1630 1.57429
1631 1.57429
1632 1.57429
1633 1.57429
1634 1.57429
1635 1.57429
1636 1.57429
1637 1.57429
1638 1.57429
1639 1.57429
1640 1.57429
1641 1.57429
1642 1.57429
1643 1.57429
1644 1.57429
1645 1.57429
1646 1.57429
1647 1.57429
1648 1.57429
1649 1.57429
1650 1.57429
1651 1.57429
1652 1.57429
1653 1.57429
1654 1.57429
1655 1.57429
1656 1.57429
1657 1.57429
1658 1.57429
1659 1.57429
1660 1.57429
1661 1.57429
1662 1.57429
1663 1.57429
1664 1.57429
1665 1.57429
1666 1.57429
1667 1.57429
1668 1.57429
1669 1.57429
1670 1.57429
1671 1.57429
1672 1.57429
1673 1.57429
1674 1.57429
1675 1.57429
1676 1.57429
1677 1.57429
1678 1.57429
1679 1.57429
1680 1.57429
1681 1.57429
1682 1.57429
1683 1.57429
1684 1.57429
1685 1.57429
1686 1.57429
1687 1.57429
1688 1.57429
1689 1.57429
1690 1.57429
1691 1.57429
1692 1.57429
1693 1.57429
1694 1.57429
1695 1.57429
1696 1.57429
1697 1.57429
1698 1.57429
1699 1.57429
1700 1.57429
1701 1.57429
1702 1.57429
1703 1.57429
1704 1.57429
1705 1.57429
1706 1.57429
1707 1.57429
1708 1.57429
1709 1.57429
1710 1.57429
1711 1.57429
1712 1.57429
1713 1.57429
1714 1.57429
1715 1.57429
1716 1.57429
1717 1.57429
1718 1.57429
1719 1.57429
1720 1.57429
1721 1.57429
1722 1.57429
1723 1.57429
1724 1.57429
1725 1.57429
1726 1.57429
1727 1.57429
1728 1.57429
1729 1.57429
1730 1.57429
1731 1.57429
1732 1.57429
1733 1.57429
1734 1.57429
1735 1.57429
1736 1.57429
1737 1.57429
1738 1.57429
1739 1.57429
1740 1.57429
1741 1.57429
1742 1.57429
1743 1.57429
1744 1.57429
1745 1.57429
1746 1.57429
1747 1.57429
1748 1.57429
1749 1.57429
1750 1.57429
1751 1.57429
1752 1.57429
1753 1.57429
1754 1.57429
1755 1.57429
1756 1.57429
1757 1.57429
1758 1.57429
1759 1.57429
1760 1.57429
1761 1.57429
1762 1.57429
1763 1.57429
1764 1.57429
1765 1.57429
1766 1.57429
1767 1.57429
1768 1.57429
1769 1.57429
1770 1.57429
1771 1.57429
1772 1.57429
1773 1.57429
1774 1.57429
1775 1.57429
1776 1.57429
1777 1.57429
1778 1.57429
1779 1.57429
1780 1.57429
1781 1.57429
1782 1.57429
1783 1.57429
1784 1.57429
1785 1.57429
1786 1.57429
1787 1.57429
1788 1.57429
1789 1.57429
1790 1.57429
1791 1.57429
1792 1.57429
1793 1.57429
1794 1.57429
1795 1.57429
1796 1.57429
1797 1.57429
1798 1.57429
1799 1.57429
1800 1.57429
1801 1.57429
1802 1.57429
1803 1.57429
1804 1.57429
1805 1.57429
1806 1.57429
1807 1.57429
1808 1.57429
1809 1.57429
1810 1.57429
1811 1.57429
1812 1.57429
1813 1.57429
1814 1.57429
1815 1.57429
1816 1.57429
1817 1.57429
1818 1.57429
1819 1.57429
1820 1.57429
1821 1.57429
1822 1.57429
1823 1.57429
1824 1.57429
1825 1.57429
1826 1.57429
1827 1.57429
1828 1.57429
1829 1.57429
1830 1.57429
1831 1.57429
1832 1.57429
1833 1.57429
1834 1.57429
1835 1.57429
1836 1.57429
1837 1.57429
1838 1.57429
1839 1.57429
1840 1.57429
1841 1.57429
1842 1.57429
1843 1.57429
1844 1.57429
1845 1.57429
1846 1.57429
1847 1.57429
1848 1.57429
1849 1.57429
1850 1.57429
1851 1.57429
1852 1.57429
1853 1.57429
1854 1.57429
1855 1.57429
1856 1.57429
1857 1.57429
1858 1.57429
1859 1.57429
1860 1.57429
1861 1.57429
1862 1.57429
1863 1.57429
1864 1.57429
1865 1.57429
1866 1.57429
1867 1.57429
1868 1.57429
1869 1.57429
1870 1.57429
1871 1.57429
1872 1.57429
1873 1.57429
1874 1.57429
1875 1.57429
1876 1.57429
1877 1.57429
1878 1.57429
1879 1.57429
1880 1.57429
1881 1.57429
1882 1.57429
1883 1.57429
1884 1.57429
1885 1.57429
1886 1.57429
1887 1.57429
1888 1.57429
1889 1.57429
1890 1.57429
1891 1.57429
1892 1.57429
1893 1.57429
1894 1.57429
1895 1.57429
1896 1.57429
1897 1.57429
1898 1.57429
1899 1.57429
1900 1.57429
1901 1.57429
1902 1.57429
1903 1.57429
1904 1.57429
1905 1.57429
1906 1.57429
1907 1.57429
1908 1.57429
1909 1.57429
1910 1.57429
1911 1.57429
1912 1.57429
1913 1.57429
1914 1.57429
1915 1.57429
1916 1.57429
1917 1.57429
1918 1.57429
1919 1.57429
1920 1.57429
1921 1.57429
1922 1.57429
1923 1.57429
1924 1.57429
1925 1.57429
1926 1.57429
1927 1.57429
1928 1.57429
1929 1.57429
1930 1.57429
1931 1.57429
1932 1.57429
1933 1.57429
1934 1.57429
1935 1.57429
1936 1.57429
1937 1.57429
1938 1.57429
1939 1.57429
1940 1.57429
1941 1.57429
1942 1.57429
1943 1.57429
1944 1.57429
1945 1.57429
1946 1.57429
1947 1.57429
1948 1.57429
1949 1.57429
1950 1.57429
1951 1.57429
1952 1.57429
1953 1.57429
1954 1.57429
1955 1.57429
1956 1.57429
1957 1.57429
1958 1.57429
1959 1.57429
1960 1.57429
1961 1.57429
1962 1.57429
1963 1.57429
1964 1.57429
1965 1.57429
1966 1.57429
1967 1.57429
1968 1.57429
1969 1.57429
1970 1.57429
1971 1.57429
1972 1.57429
1973 1.57429
1974 1.57429
1975 1.57429
1976 1.57429
1977 1.57429
1978 1.57429
1979 1.57429
1980 1.57429
1981 1.57429
1982 1.57429
1983 1.57429
1984 1.57429
1985 1.57429
1986 1.57429
1987 1.57429
1988 1.57429
1989 1.57429
1990 1.57429
1991 1.57429
1992 1.57429
1993 1.57429
1994 1.57429
1995 1.57429
1996 1.57429
1997 1.57429
1998 1.57429
1999 1.57429
2000 1.57429
2001 1.57429
2002 1.57429
2003 1.57429
2004 1.57429
2005 1.57429
2006 1.57429
2007 1.57429
2008 1.57429
2009 1.57429
2010 1.57429
2011 1.57429
2012 1.57429
2013 1.57429
2014 1.57429
2015 1.57429
2016 1.57429
2017 1.57429
2018 1.57429
2019 1.57429
2020 1.57429
2021 1.57429
2022 1.57429
2023 1.57429
2024 1.57429
2025 1.57429
2026 1.57429
2027 1.57429
2028 1.57429
2029 1.57429
2030 1.57429
2031 1.57429
2032 1.57429
2033 1.57429
2034 1.57429
2035 1.57429
2036 1.57429
2037 1.57429
2038 1.57429
2039 1.57429
2040 1.57429
2041 1.57429
2042 1.57429
2043 1.57429
2044 1.57429
2045 1.57429
2046 1.57429
2047 1.57429
2048 1.57429
2049 1.57429
2050 1.57429
2051 1.57429
2052 1.57429
2053 1.57429
2054 1.57429
2055 1.57429
2056 1.57429
2057 1.57429
2058 1.57429
2059 1.57429
2060 1.57429
2061 1.57429
2062 1.57429
2063 1.57429
2064 1.57429
2065 1.57429
2066 1.57429
2067 1.57429
2068 1.57429
2069 1.57429
2070 1.57429
2071 1.57429
2072 1.57429
2073 1.57429
2074 1.57429
2075 1.57429
2076 1.57429
2077 1.57429
2078 1.57429
2079 1.57429
2080 1.57429
2081 1.57429
2082 1.57429
2083 1.57429
2084 1.57429
2085 1.57429
2086 1.57429
2087 1.57429
2088 1.57429
2089 1.57429
2090 1.57429
2091 1.57429
2092 1.57429
2093 1.57429
2094 1.57429
2095 1.57429
2096 1.57429
2097 1.57429
2098 1.57429
2099 1.57429
2100 1.57429
2101 1.57429
2102 1.57429
2103 1.57429
2104 1.57429
2105 1.57429
2106 1.57429
2107 1.57429
2108 1.57429
2109 1.57429
2110 1.57429
2111 1.57429
2112 1.57429
2113 1.57429
2114 1.57429
2115 1.57429
2116 1.57429
2117 1.57429
2118 1.57429
2119 1.57429
2120 1.57429
2121 1.57429
2122 1.57429
2123 1.57429
2124 1.57429
2125 1.57429
2126 1.57429
2127 1.57429
2128 1.57429
2129 1.57429
2130 1.57429
2131 1.57429
2132 1.57429
2133 1.57429
2134 1.57429
2135 1.57429
2136 1.57429
2137 1.57429
2138 1.57429
2139 1.57429
2140 1.57429
2141 1.57429
2142 1.57429
2143 1.57429
2144 1.57429
2145 1.57429
2146 1.57429
2147 1.57429
2148 1.57429
2149 1.57429
2150 1.57429
2151 1.57429
2152 1.57429
2153 1.57429
2154 1.57429
2155 1.57429
2156 1.57429
2157 1.57429
2158 1.57429
2159 1.57429
2160 1.57429
2161 1.57429
2162 1.57429
2163 1.57429
2164 1.57429
2165 1.57429
2166 1.57429
2167 1.57429
2168 1.57429
2169 1.57429
2170 1.57429
2171 1.57429
2172 1.57429
2173 1.57429
2174 1.57429
2175 1.57429
2176 1.57429
2177 1.57429
2178 1.57429
2179 1.57429
2180 1.57429
2181 1.57429
2182 1.57429
2183 1.57429
2184 1.57429
2185 1.57429
2186 1.57429
2187 1.57429
2188 1.57429
2189 1.57429
2190 1.57429
2191 1.57429
2192 1.57429
2193 1.57429
2194 1.57429
2195 1.57429
2196 1.57429
2197 1.57429
2198 1.57429
2199 1.57429
2200 1.57429
2201 1.57429
2202 1.57429
2203 1.57429
2204 1.57429
2205 1.57429
2206 1.57429
2207 1.57429
2208 1.57429
2209 1.57429
2210 1.57429
2211 1.57429
2212 1.57429
2213 1.57429
2214 1.57429
2215 1.57429
2216 1.57429
2217 1.57429
2218 1.57429
2219 1.57429
2220 1.57429
2221 1.57429
2222 1.57429
2223 1.57429
2224 1.57429
2225 1.57429
2226 1.57429
2227 1.57429
2228 1.57429
2229 1.57429
2230 1.57429
2231 1.57429
2232 1.57429
2233 1.57429
2234 1.57429
2235 1.57429
2236 1.57429
2237 1.57429
2238 1.57429
2239 1.57429
2240 1.57429
2241 1.57429
2242 1.57429
2243 1.57429
2244 1.57429
2245 1.57429
2246 1.57429
2247 1.57429
2248 1.57429
2249 1.57429
2250 1.57429
2251 1.57429
2252 1.57429
2253 1.57429
2254 1.57429
2255 1.57429
2256 1.57429
2257 1.57429
2258 1.57429
2259 1.57429
2260 1.57429
2261 1.57429
2262 1.57429
2263 1.57429
2264 1.57429
2265 1.57429
2266 1.57429
2267 1.57429
2268 1.57429
2269 1.57429
2270 1.57429
2271 1.57429
2272 1.57429
2273 1.57429
2274 1.57429
2275 1.57429
2276 1.57429
2277 1.57429
2278 1.57429
2279 1.57429
2280 1.57429
2281 1.57429
2282 1.57429
2283 1.57429
2284 1.57429
2285 1.57429
2286 1.57429
2287 1.57429
2288 1.57429
2289 1.57429
2290 1.57429
2291 1.57429
2292 1.57429
2293 1.57429
2294 1.57429
2295 1.57429
2296 1.57429
2297 1.57429
2298 1.57429
2299 1.57429
2300 1.57429
2301 1.57429
2302 1.57429
2303 1.57429
2304 1.57429
2305 1.57429
2306 1.57429
2307 1.57429
2308 1.57429
2309 1.57429
2310 1.57429
2311 1.57429
2312 1.57429
2313 1.57429
2314 1.57429
2315 1.57429
2316 1.57429
2317 1.57429
2318 1.57429
2319 1.57429
2320 1.57429
2321 1.57429
2322 1.57429
2323 1.57429
2324 1.57429
2325 1.57429
2326 1.57429
2327 1.57429
2328 1.57429
2329 1.57429
2330 1.57429
2331 1.57429
2332 1.57429
2333 1.57429
2334 1.57429
2335 1.57429
2336 1.57429
2337 1.57429
2338 1.57429
2339 1.57429
2340 1.57429
2341 1.57429
2342 1.57429
2343 1.57429
2344 1.57429
2345 1.57429
2346 1.57429
2347 1.57429
2348 1.57429
2349 1.57429
2350 1.57429
2351 1.57429
2352 1.57429
2353 1.57429
2354 1.57429
2355 1.57429
2356 1.57429
2357 1.57429
2358 1.57429
2359 1.57429
2360 1.57429
2361 1.57429
2362 1.57429
2363 1.57429
2364 1.57429
2365 1.57429
2366 1.57429
2367 1.57429
2368 1.57429
2369 1.57429
2370 1.57429
2371 1.57429
2372 1.57429
2373 1.57429
2374 1.57429
2375 1.57429
2376 1.57429
2377 1.57429
2378 1.57429
2379 1.57429
2380 1.57429
2381 1.57429
2382 1.57429
2383 1.57429
2384 1.57429
2385 1.57429
2386 1.57429
2387 1.57429
2388 1.57429
2389 1.57429
2390 1.57429
2391 1.57429
2392 1.57429
2393 1.57429
2394 1.57429
2395 1.57429
2396 1.57429
2397 1.57429
2398 1.57429
2399 1.57429
2400 1.57429
2401 1.57429
2402 1.57429
2403 1.57429
2404 1.57429
2405 1.57429
2406 1.57429
2407 1.57429
2408 1.57429
2409 1.57429
2410 1.57429
2411 1.57429
2412 1.57429
2413 1.57429
2414 1.57429
2415 1.57429
2416 1.57429
2417 1.57429
2418 1.57429
2419 1.57429
2420 1.57429
2421 1.57429
2422 1.57429
2423 1.57429
2424 1.57429
2425 1.57429
2426 1.57429
2427 1.57429
2428 1.57429
2429 1.57429
2430 1.57429
2431 1.57429
2432 1.57429
2433 1.57429
2434 1.57429
2435 1.57429
2436 1.57429
2437 1.57429
2438 1.57429
2439 1.57429
2440 1.57429
2441 1.57429
2442 1.57429
2443 1.57429
2444 1.57429
2445 1.57429
2446 1.57429
2447 1.57429
2448 1.57429
2449 1.57429
2450 1.57429
2451 1.57429
2452 1.57429
2453 1.57429
2454 1.57429
2455 1.57429
2456 1.57429
2457 1.57429
2458 1.57429
2459 1.57429
2460 1.57429
2461 1.57429
2462 1.57429
2463 1.57429
2464 1.57429
2465 1.57429
2466 1.57429
2467 1.57429
2468 1.57429
2469 1.57429
2470 1.57429
2471 1.57429
2472 1.57429
2473 1.57429
2474 1.57429
2475 1.57429
2476 1.57429
2477 1.57429
2478 1.57429
2479 1.57429
2480 1.57429
2481 1.57429
2482 1.57429
2483 1.57429
2484 1.57429
2485 1.57429
2486 1.57429
2487 1.57429
2488 1.57429
2489 1.57429
2490 1.57429
2491 1.57429
2492 1.57429
2493 1.57429
2494 1.57429
2495 1.57429
2496 1.57429
2497 1.57429
2498 1.57429
2499 1.57429
2500 1.57429
2501 1.57429
2502 1.57429
2503 1.57429
2504 1.57429
2505 1.57429
2506 1.57429
2507 1.57429
2508 1.57429
2509 1.57429
2510 1.57429
2511 1.57429
2512 1.57429
2513 1.57429
2514 1.57429
2515 1.57429
2516 1.57429
2517 1.57429
2518 1.57429
2519 1.57429
2520 1.57429
2521 1.57429
2522 1.57429
2523 1.57429
2524 1.57429
2525 1.57429
2526 1.57429
2527 1.57429
2528 1.57429
2529 1.57429
2530 1.57429
2531 1.57429
2532 1.57429
2533 1.57429
2534 1.57429
2535 1.57429
2536 1.57429
2537 1.57429
2538 1.57429
2539 1.57429
2540 1.57429
2541 1.57429
2542 1.57429
2543 1.57429
2544 1.57429
2545 1.57429
2546 1.57429
2547 1.57429
2548 1.57429
2549 1.57429
2550 1.57429
2551 1.57429
2552 1.57429
2553 1.57429
2554 1.57429
2555 1.57429
2556 1.57429
2557 1.57429
2558 1.57429
2559 1.57429
2560 1.57429
2561 1.57429
2562 1.57429
2563 1.57429
2564 1.57429
2565 1.57429
2566 1.57429
2567 1.57429
2568 1.57429
2569 1.57429
2570 1.57429
2571 1.57429
2572 1.57429
2573 1.57429
2574 1.57429
2575 1.57429
2576 1.57429
2577 1.57429
2578 1.57429
2579 1.57429
2580 1.57429
2581 1.57429
2582 1.57429
2583 1.57429
2584 1.57429
2585 1.57429
2586 1.57429
2587 1.57429
2588 1.57429
2589 1.57429
2590 1.57429
2591 1.57429
2592 1.57429
2593 1.57429
2594 1.57429
2595 1.57429
2596 1.57429
2597 1.57429
2598 1.57429
2599 1.57429
2600 1.57429
2601 1.57429
2602 1.57429
2603 1.57429
2604 1.57429
2605 1.57429
2606 1.57429
2607 1.57429
2608 1.57429
2609 1.57429
2610 1.57429
2611 1.57429
2612 1.57429
2613 1.57429
2614 1.57429
2615 1.57429
2616 1.57429
2617 1.57429
2618 1.57429
2619 1.57429
2620 1.57429
2621 1.57429
2622 1.57429
2623 1.57429
2624 1.57429
2625 1.57429
2626 1.57429
2627 1.57429
2628 1.57429
2629 1.57429
2630 1.57429
2631 1.57429
2632 1.57429
2633 1.57429
2634 1.57429
2635 1.57429
2636 1.57429
2637 1.57429
2638 1.57429
2639 1.57429
2640 1.57429
2641 1.57429
2642 1.57429
2643 1.57429
2644 1.57429
2645 1.57429
2646 1.57429
2647 1.57429
2648 1.57429
2649 1.57429
2650 1.57429
2651 1.57429
2652 1.57429
2653 1.57429
2654 1.57429
2655 1.57429
2656 1.57429
2657 1.57429
2658 1.57429
2659 1.57429
2660 1.57429
2661 1.57429
2662 1.57429
2663 1.57429
2664 1.57429
2665 1.57429
2666 1.57429
2667 1.57429
2668 1.57429
2669 1.57429
2670 1.57429
2671 1.57429
2672 1.57429
2673 1.57429
2674 1.57429
2675 1.57429
2676 1.57429
2677 1.57429
2678 1.57429
2679 1.57429
2680 1.57429
2681 1.57429
2682 1.57429
2683 1.57429
2684 1.57429
2685 1.57429
2686 1.57429
2687 1.57429
2688 1.57429
2689 1.57429
2690 1.57429
2691 1.57429
2692 1.57429
2693 1.57429
2694 1.57429
2695 1.57429
2696 1.57429
2697 1.57429
2698 1.57429
2699 1.57429
2700 1.57429
2701 1.57429
2702 1.57429
2703 1.57429
2704 1.57429
2705 1.57429
2706 1.57429
2707 1.57429
2708 1.57429
2709 1.57429
2710 1.57429
2711 1.57429
2712 1.57429
2713 1.57429
2714 1.57429
2715 1.57429
2716 1.57429
2717 1.57429
2718 1.57429
2719 1.57429
2720 1.57429
2721 1.57429
2722 1.57429
2723 1.57429
2724 1.57429
2725 1.57429
2726 1.57429
2727 1.57429
2728 1.57429
2729 1.57429
2730 1.57429
2731 1.57429
2732 1.57429
2733 1.57429
2734 1.57429
2735 1.57429
2736 1.57429
2737 1.57429
2738 1.57429
2739 1.57429
2740 1.57429
2741 1.57429
2742 1.57429
2743 1.57429
2744 1.57429
2745 1.57429
2746 1.57429
2747 1.57429
2748 1.57429
2749 1.57429
2750 1.57429
2751 1.57429
2752 1.57429
2753 1.57429
2754 1.57429
2755 1.57429
2756 1.57429
2757 1.57429
2758 1.57429
2759 1.57429
2760 1.57429
2761 1.57429
2762 1.57429
2763 1.57429
2764 1.57429
2765 1.57429
2766 1.57429
2767 1.57429
2768 1.57429
2769 1.57429
2770 1.57429
2771 1.57429
2772 1.57429
2773 1.57429
2774 1.57429
2775 1.57429
2776 1.57429
2777 1.57429
2778 1.57429
2779 1.57429
2780 1.57429
2781 1.57429
2782 1.57429
2783 1.57429
2784 1.57429
2785 1.57429
2786 1.57429
2787 1.57429
2788 1.57429
2789 1.57429
2790 1.57429
2791 1.57429
2792 1.57429
2793 1.57429
2794 1.57429
2795 1.57429
2796 1.57429
2797 1.57429
2798 1.57429
2799 1.57429
2800 1.57429
2801 1.57429
2802 1.57429
2803 1.57429
2804 1.57429
2805 1.57429
2806 1.57429
2807 1.57429
2808 1.57429
2809 1.57429
2810 1.57429
2811 1.57429
2812 1.57429
2813 1.57429
2814 1.57429
2815 1.57429
2816 1.57429
2817 1.57429
2818 1.57429
2819 1.57429
2820 1.57429
2821 1.57429
2822 1.57429
2823 1.57429
2824 1.57429
2825 1.57429
2826 1.57429
2827 1.57429
2828 1.57429
2829 1.57429
2830 1.57429
2831 1.57429
2832 1.57429
2833 1.57429
2834 1.57429
2835 1.57429
2836 1.57429
2837 1.57429
2838 1.57429
2839 1.57429
2840 1.57429
2841 1.57429
2842 1.57429
2843 1.57429
2844 1.57429
2845 1.57429
2846 1.57429
2847 1.57429
2848 1.57429
2849 1.57429
2850 1.57429
2851 1.57429
2852 1.57429
2853 1.57429
2854 1.57429
2855 1.57429
2856 1.57429
2857 1.57429
2858 1.57429
2859 1.57429
2860 1.57429
2861 1.57429
2862 1.57429
2863 1.57429
2864 1.57429
2865 1.57429
2866 1.57429
2867 1.57429
2868 1.57429
2869 1.57429
2870 1.57429
2871 1.57429
2872 1.57429
2873 1.57429
2874 1.57429
2875 1.57429
2876 1.57429
2877 1.57429
2878 1.57429
2879 1.57429
2880 1.57429
2881 1.57429
2882 1.57429
2883 1.57429
2884 1.57429
2885 1.57429
2886 1.57429
2887 1.57429
2888 1.57429
2889 1.57429
2890 1.57429
2891 1.57429
2892 1.57429
2893 1.57429
2894 1.57429
2895 1.57429
2896 1.57429
2897 1.57429
2898 1.57429
2899 1.57429
2900 1.57429
2901 1.57429
2902 1.57429
2903 1.57429
2904 1.57429
2905 1.57429
2906 1.57429
2907 1.57429
2908 1.57429
2909 1.57429
2910 1.57429
2911 1.57429
2912 1.57429
2913 1.57429
2914 1.57429
2915 1.57429
2916 1.57429
2917 1.57429
2918 1.57429
2919 1.57429
2920 1.57429
2921 1.57429
2922 1.57429
2923 1.57429
2924 1.57429
2925 1.57429
2926 1.57429
2927 1.57429
2928 1.57429
2929 1.57429
2930 1.57429
2931 1.57429
2932 1.57429
2933 1.57429
2934 1.57429
2935 1.57429
2936 1.57429
2937 1.57429
2938 1.57429
2939 1.57429
2940 1.57429
2941 1.57429
2942 1.57429
2943 1.57429
2944 1.57429
2945 1.57429
2946 1.57429
2947 1.57429
2948 1.57429
2949 1.57429
2950 1.57429
2951 1.57429
2952 1.57429
2953 1.57429
2954 1.57429
2955 1.57429
2956 1.57429
2957 1.57429
2958 1.57429
2959 1.57429
2960 1.57429
2961 1.57429
2962 1.57429
2963 1.57429
2964 1.57429
2965 1.57429
2966 1.57429
2967 1.57429
2968 1.57429
2969 1.57429
2970 1.57429
2971 1.57429
2972 1.57429
2973 1.57429
2974 1.57429
2975 1.57429
2976 1.57429
2977 1.57429
2978 1.57429
2979 1.57429
2980 1.57429
2981 1.57429
2982 1.57429
2983 1.57429
2984 1.57429
2985 1.57429
2986 1.57429
2987 1.57429
2988 1.57429
2989 1.57429
2990 1.57429
2991 1.57429
2992 1.57429
2993 1.57429
2994 1.57429
2995 1.57429
2996 1.57429
2997 1.57429
2998 1.57429
2999 1.57429
3000 1.57429
3001 1.57429
3002 1.57429
3003 1.57429
3004 1.57429
3005 1.57429
3006 1.57429
3007 1.57429
3008 1.57429
3009 1.57429
3010 1.57429
3011 1.57429
3012 1.57429
3013 1.57429
3014 1.57429
3015 1.57429
3016 1.57429
3017 1.57429
3018 1.57429
3019 1.57429
3020 1.57429
3021 1.57429
3022 1.57429
3023 1.57429
3024 1.57429
3025 1.57429
3026 1.57429
3027 1.57429
3028 1.57429
3029 1.57429
3030 1.57429
3031 1.57429
3032 1.57429
3033 1.57429
3034 1.57429
3035 1.57429
3036 1.57429
3037 1.57429
3038 1.57429
3039 1.57429
3040 1.57429
3041 1.57429
3042 1.57429
3043 1.57429
3044 1.57429
3045 1.57429
3046 1.57429
3047 1.57429
3048 1.57429
3049 1.57429
3050 1.57429
3051 1.57429
3052 1.57429
3053 1.57429
3054 1.57429
3055 1.57429
3056 1.57429
3057 1.57429
3058 1.57429
3059 1.57429
3060 1.57429
3061 1.57429
3062 1.57429
3063 1.57429
3064 1.57429
3065 1.57429
3066 1.57429
3067 1.57429
3068 1.57429
3069 1.57429
3070 1.57429
3071 1.57429
3072 1.57429
3073 1.57429
3074 1.57429
3075 1.57429
3076 1.57429
3077 1.57429
3078 1.57429
3079 1.57429
3080 1.57429
3081 1.57429
3082 1.57429
3083 1.57429
3084 1.57429
3085 1.57429
3086 1.57429
3087 1.57429
3088 1.57429
3089 1.57429
3090 1.57429
3091 1.57429
3092 1.57429
3093 1.57429
3094 1.57429
3095 1.57429
3096 1.57429
3097 1.57429
3098 1.57429
3099 1.57429
3100 1.57429
3101 1.57429
3102 1.57429
3103 1.57429
3104 1.57429
3105 1.57429
3106 1.57429
3107 1.57429
3108 1.57429
3109 1.57429
3110 1.57429
3111 1.57429
3112 1.57429
3113 1.57429
3114 1.57429
3115 1.57429
3116 1.57429
3117 1.57429
3118 1.57429
3119 1.57429
3120 1.57429
3121 1.57429
3122 1.57429
3123 1.57429
3124 1.57429
3125 1.57429
3126 1.57429
3127 1.57429
3128 1.57429
3129 1.57429
3130 1.57429
3131 1.57429
3132 1.57429
3133 1.57429
3134 1.57429
3135 1.57429
3136 1.57429
3137 1.57429
3138 1.57429
3139 1.57429
3140 1.57429
3141 1.57429
3142 1.57429
3143 1.57429
3144 1.57429
3145 1.57429
3146 1.57429
3147 1.57429
3148 1.57429
3149 1.57429
3150 1.57429
3151 1.57429
3152 1.57429
3153 1.57429
3154 1.57429
3155 1.57429
3156 1.57429
3157 1.57429
3158 1.57429
3159 1.57429
3160 1.57429
3161 1.57429
3162 1.57429
3163 1.57429
3164 1.57429
3165 1.57429
3166 1.57429
3167 1.57429
3168 1.57429
3169 1.57429
3170 1.57429
3171 1.57429
3172 1.57429
3173 1.57429
3174 1.57429
3175 1.57429
3176 1.57429
3177 1.57429
3178 1.57429
3179 1.57429
3180 1.57429
3181 1.57429
3182 1.57429
3183 1.57429
3184 1.57429
3185 1.57429
3186 1.57429
3187 1.57429
3188 1.57429
3189 1.57429
3190 1.57429
3191 1.57429
3192 1.57429
3193 1.57429
3194 1.57429
3195 1.57429
3196 1.57429
3197 1.57429
3198 1.57429
3199 1.57429
3200 1.57429
3201 1.57429
3202 1.57429
3203 1.57429
3204 1.57429
3205 1.57429
3206 1.57429
3207 1.57429
3208 1.57429
3209 1.57429
3210 1.57429
3211 1.57429
3212 1.57429
3213 1.57429
3214 1.57429
3215 1.57429
3216 1.57429
3217 1.57429
3218 1.57429
3219 1.57429
3220 1.57429
3221 1.57429
3222 1.57429
3223 1.57429
3224 1.57429
3225 1.57429
3226 1.57429
3227 1.57429
3228 1.57429
3229 1.57429
3230 1.57429
3231 1.57429
3232 1.57429
3233 1.57429
3234 1.57429
3235 1.57429
3236 1.57429
3237 1.57429
3238 1.57429
3239 1.57429
3240 1.57429
3241 1.57429
3242 1.57429
3243 1.57429
3244 1.57429
3245 1.57429
3246 1.57429
3247 1.57429
3248 1.57429
3249 1.57429
3250 1.57429
3251 1.57429
3252 1.57429
3253 1.57429
3254 1.57429
3255 1.57429
3256 1.57429
3257 1.57429
3258 1.57429
3259 1.57429
3260 1.57429
3261 1.57429
3262 1.57429
3263 1.57429
3264 1.57429
3265 1.57429
3266 1.57429
3267 1.57429
3268 1.57429
3269 1.57429
3270 1.57429
3271 1.57429
3272 1.57429
3273 1.57429
3274 1.57429
3275 1.57429
3276 1.57429
3277 1.57429
3278 1.57429
3279 1.57429
3280 1.57429
3281 1.57429
3282 1.57429
3283 1.57429
3284 1.57429
3285 1.57429
3286 1.57429
3287 1.57429
3288 1.57429
3289 1.57429
3290 1.57429
3291 1.57429
3292 1.57429
3293 1.57429
3294 1.57429
3295 1.57429
3296 1.57429
3297 1.57429
3298 1.57429
3299 1.57429
3300 1.57429
3301 1.57429
3302 1.57429
3303 1.57429
3304 1.57429
3305 1.57429
3306 1.57429
3307 1.57429
3308 1.57429
3309 1.57429
3310 1.57429
3311 1.57429
3312 1.57429
3313 1.57429
3314 1.57429
3315 1.57429
3316 1.57429
3317 1.57429
3318 1.57429
3319 1.57429
3320 1.57429
3321 1.57429
3322 1.57429
3323 1.57429
3324 1.57429
3325 1.57429
3326 1.57429
3327 1.57429
3328 1.57429
3329 1.57429
3330 1.57429
3331 1.57429
3332 1.57429
3333 1.57429
3334 1.57429
3335 1.57429
3336 1.57429
3337 1.57429
3338 1.57429
3339 1.57429
3340 1.57429
3341 1.57429
3342 1.57429
3343 1.57429
3344 1.57429
3345 1.57429
3346 1.57429
3347 1.57429
3348 1.57429
3349 1.57429
3350 1.57429
3351 1.57429
3352 1.57429
3353 1.57429
3354 1.57429
3355 1.57429
3356 1.57429
3357 1.57429
3358 1.57429
3359 1.57429
3360 1.57429
3361 1.57429
3362 1.57429
3363 1.57429
3364 1.57429
3365 1.57429
3366 1.57429
3367 1.57429
3368 1.57429
3369 1.57429
3370 1.57429
3371 1.57429
3372 1.57429
3373 1.57429
3374 1.57429
3375 1.57429
3376 1.57429
3377 1.57429
3378 1.57429
3379 1.57429
3380 1.57429
3381 1.57429
3382 1.57429
3383 1.57429
3384 1.57429
3385 1.57429
3386 1.57429
3387 1.57429
3388 1.57429
3389 1.57429
3390 1.57429
3391 1.57429
3392 1.57429
3393 1.57429
3394 1.57429
3395 1.57429
3396 1.57429
3397 1.57429
3398 1.57429
3399 1.57429
3400 1.57429
3401 1.57429
3402 1.57429
3403 1.57429
3404 1.57429
3405 1.57429
3406 1.57429
3407 1.57429
3408 1.57429
3409 1.57429
3410 1.57429
3411 1.57429
3412 1.57429
3413 1.57429
3414 1.57429
3415 1.57429
3416 1.57429
3417 1.57429
3418 1.57429
3419 1.57429
3420 1.57429
3421 1.57429
3422 1.57429
3423 1.57429
3424 1.57429
3425 1.57429
3426 1.57429
3427 1.57429
3428 1.57429
3429 1.57429
3430 1.57429
3431 1.57429
3432 1.57429
3433 1.57429
3434 1.57429
3435 1.57429
3436 1.57429
3437 1.57429
3438 1.57429
3439 1.57429
3440 1.57429
3441 1.57429
3442 1.57429
3443 1.57429
3444 1.57429
3445 1.57429
3446 1.57429
3447 1.57429
3448 1.57429
3449 1.57429
3450 1.57429
3451 1.57429
3452 1.57429
3453 1.57429
3454 1.57429
3455 1.57429
3456 1.57429
3457 1.57429
3458 1.57429
3459 1.57429
3460 1.57429
3461 1.57429
3462 1.57429
3463 1.57429
3464 1.57429
3465 1.57429
3466 1.57429
3467 1.57429
3468 1.57429
3469 1.57429
3470 1.57429
3471 1.57429
3472 1.57429
3473 1.57429
3474 1.57429
3475 1.57429
3476 1.57429
3477 1.57429
3478 1.57429
3479 1.57429
3480 1.57429
3481 1.57429
3482 1.57429
3483 1.57429
3484 1.57429
3485 1.57429
3486 1.57429
3487 1.57429
3488 1.57429
3489 1.57429
3490 1.57429
3491 1.57429
3492 1.57429
3493 1.57429
3494 1.57429
3495 1.57429
3496 1.57429
3497 1.57429
3498 1.57429
3499 1.57429
3500 1.57429
3501 1.57429
3502 1.57429
3503 1.57429
3504 1.57429
3505 1.57429
3506 1.57429
3507 1.57429
3508 1.57429
3509 1.57429
3510 1.57429
3511 1.57429
3512 1.57429
3513 1.57429
3514 1.57429
3515 1.57429
3516 1.57429
3517 1.57429
3518 1.57429
3519 1.57429
3520 1.57429
3521 1.57429
3522 1.57429
3523 1.57429
3524 1.57429
3525 1.57429
3526 1.57429
3527 1.57429
3528 1.57429
3529 1.57429
3530 1.57429
3531 1.57429
3532 1.57429
3533 1.57429
3534 1.57429
3535 1.57429
3536 1.57429
3537 1.57429
3538 1.57429
3539 1.57429
3540 1.57429
3541 1.57429
3542 1.57429
3543 1.57429
3544 1.57429
3545 1.57429
3546 1.57429
3547 1.57429
3548 1.57429
3549 1.57429
3550 1.57429
3551 1.57429
3552 1.57429
3553 1.57429
3554 1.57429
3555 1.57429
3556 1.57429
3557 1.57429
3558 1.57429
3559 1.57429
3560 1.57429
3561 1.57429
3562 1.57429
3563 1.57429
3564 1.57429
3565 1.57429
3566 1.57429
3567 1.57429
3568 1.57429
3569 1.57429
3570 1.57429
3571 1.57429
3572 1.57429
3573 1.57429
3574 1.57429
3575 1.57429
3576 1.57429
3577 1.57429
3578 1.57429
3579 1.57429
3580 1.57429
3581 1.57429
3582 1.57429
3583 1.57429
3584 1.57429
3585 1.57429
3586 1.57429
3587 1.57429
3588 1.57429
3589 1.57429
3590 1.57429
3591 1.57429
3592 1.57429
3593 1.57429
3594 1.57429
3595 1.57429
3596 1.57429
3597 1.57429
3598 1.57429
3599 1.57429
3600 1.57429
3601 1.57429
3602 1.57429
3603 1.57429
3604 1.57429
3605 1.57429
3606 1.57429
3607 1.57429
3608 1.57429
3609 1.57429
3610 1.57429
3611 1.57429
3612 1.57429
3613 1.57429
3614 1.57429
3615 1.57429
3616 1.57429
3617 1.57429
3618 1.57429
3619 1.57429
3620 1.57429
3621 1.57429
3622 1.57429
3623 1.57429
3624 1.57429
3625 1.57429
3626 1.57429
3627 1.57429
3628 1.57429
3629 1.57429
3630 1.57429
3631 1.57429
3632 1.57429
3633 1.57429
3634 1.57429
3635 1.57429
3636 1.57429
3637 1.57429
3638 1.57429
3639 1.57429
3640 1.57429
3641 1.57429
3642 1.57429
3643 1.57429
3644 1.57429
3645 1.57429
3646 1.57429
3647 1.57429
3648 1.57429
3649 1.57429
3650 1.57429
3651 1.57429
3652 1.57429
3653 1.57429
3654 1.57429
3655 1.57429
3656 1.57429
3657 1.57429
3658 1.57429
3659 1.57429
3660 1.57429
3661 1.57429
3662 1.57429
3663 1.57429
3664 1.57429
3665 1.57429
3666 1.57429
3667 1.57429
3668 1.57429
3669 1.57429
3670 1.57429
3671 1.57429
3672 1.57429
3673 1.57429
3674 1.57429
3675 1.57429
3676 1.57429
3677 1.57429
3678 1.57429
3679 1.57429
3680 1.57429
3681 1.57429
3682 1.57429
3683 1.57429
3684 1.57429
3685 1.57429
3686 1.57429
3687 1.57429
3688 1.57429
3689 1.57429
3690 1.57429
3691 1.57429
3692 1.57429
3693 1.57429
3694 1.57429
3695 1.57429
3696 1.57429
3697 1.57429
3698 1.57429
3699 1.57429
3700 1.57429
3701 1.57429
3702 1.57429
3703 1.57429
3704 1.57429
3705 1.57429
3706 1.57429
3707 1.57429
3708 1.57429
3709 1.57429
3710 1.57429
3711 1.57429
3712 1.57429
3713 1.57429
3714 1.57429
3715 1.57429
3716 1.57429
3717 1.57429
3718 1.57429
3719 1.57429
3720 1.57429
3721 1.57429
3722 1.57429
3723 1.57429
3724 1.57429
3725 1.57429
3726 1.57429
3727 1.57429
3728 1.57429
3729 1.57429
3730 1.57429
3731 1.57429
3732 1.57429
3733 1.57429
3734 1.57429
3735 1.57429
3736 1.57429
3737 1.57429
3738 1.57429
3739 1.57429
3740 1.57429
3741 1.57429
3742 1.57429
3743 1.57429
3744 1.57429
3745 1.57429
3746 1.57429
3747 1.57429
3748 1.57429
3749 1.57429
3750 1.57429
3751 1.57429
3752 1.57429
3753 1.57429
3754 1.57429
3755 1.57429
3756 1.57429
3757 1.57429
3758 1.57429
3759 1.57429
3760 1.57429
3761 1.57429
3762 1.57429
3763 1.57429
3764 1.57429
3765 1.57429
3766 1.57429
3767 1.57429
3768 1.57429
3769 1.57429
3770 1.57429
3771 1.57429
3772 1.57429
3773 1.57429
3774 1.57429
3775 1.57429
3776 1.57429
3777 1.57429
3778 1.57429
3779 1.57429
3780 1.57429
3781 1.57429
3782 1.57429
3783 1.57429
3784 1.57429
3785 1.57429
3786 1.57429
3787 1.57429
3788 1.57429
3789 1.57429
3790 1.57429
3791 1.57429
3792 1.57429
3793 1.57429
3794 1.57429
3795 1.57429
3796 1.57429
3797 1.57429
3798 1.57429
3799 1.57429
3800 1.57429
3801 1.57429
3802 1.57429
3803 1.57429
3804 1.57429
3805 1.57429
3806 1.57429
3807 1.57429
3808 1.57429
3809 1.57429
3810 1.57429
3811 1.57429
3812 1.57429
3813 1.57429
3814 1.57429
3815 1.57429
3816 1.57429
3817 1.57429
3818 1.57429
3819 1.57429
3820 1.57429
3821 1.57429
3822 1.57429
3823 1.57429
3824 1.57429
3825 1.57429
3826 1.57429
3827 1.57429
3828 1.57429
3829 1.57429
3830 1.57429
3831 1.57429
3832 1.57429
3833 1.57429
3834 1.57429
3835 1.57429
3836 1.57429
3837 1.57429
3838 1.57429
3839 1.57429
3840 1.57429
3841 1.57429
3842 1.57429
3843 1.57429
3844 1.57429
3845 1.57429
3846 1.57429
3847 1.57429
3848 1.57429
3849 1.57429
3850 1.57429
3851 1.57429
3852 1.57429
3853 1.57429
3854 1.57429
3855 1.57429
3856 1.57429
3857 1.57429
3858 1.57429
3859 1.57429
3860 1.57429
3861 1.57429
3862 1.57429
3863 1.57429
3864 1.57429
3865 1.57429
3866 1.57429
3867 1.57429
3868 1.57429
3869 1.57429
3870 1.57429
3871 1.57429
3872 1.57429
3873 1.57429
3874 1.57429
3875 1.57429
3876 1.57429
3877 1.57429
3878 1.57429
3879 1.57429
3880 1.57429
3881 1.57429
3882 1.57429
3883 1.57429
3884 1.57429
3885 1.57429
3886 1.57429
3887 1.57429
3888 1.57429
3889 1.57429
3890 1.57429
3891 1.57429
3892 1.57429
3893 1.57429
3894 1.57429
3895 1.57429
3896 1.57429
3897 1.57429
3898 1.57429
3899 1.57429
3900 1.57429
3901 1.57429
3902 1.57429
3903 1.57429
3904 1.57429
3905 1.57429
3906 1.57429
3907 1.57429
3908 1.57429
3909 1.57429
3910 1.57429
3911 1.57429
3912 1.57429
3913 1.57429
3914 1.57429
3915 1.57429
3916 1.57429
3917 1.57429
3918 1.57429
3919 1.57429
3920 1.57429
3921 1.57429
3922 1.57429
3923 1.57429
3924 1.57429
3925 1.57429
3926 1.57429
3927 1.57429
3928 1.57429
3929 1.57429
3930 1.57429
3931 1.57429
3932 1.57429
3933 1.57429
3934 1.57429
3935 1.57429
3936 1.57429
3937 1.57429
3938 1.57429
3939 1.57429
3940 1.57429
3941 1.57429
3942 1.57429
3943 1.57429
3944 1.57429
3945 1.57429
3946 1.57429
3947 1.57429
3948 1.57429
3949 1.57429
3950 1.57429
3951 1.57429
3952 1.57429
3953 1.57429
3954 1.57429
3955 1.57429
3956 1.57429
3957 1.57429
3958 1.57429
3959 1.57429
3960 1.57429
3961 1.57429
3962 1.57429
3963 1.57429
3964 1.57429
3965 1.57429
3966 1.57429
3967 1.57429
3968 1.57429
3969 1.57429
3970 1.57429
3971 1.57429
3972 1.57429
3973 1.57429
3974 1.57429
3975 1.57429
3976 1.57429
3977 1.57429
3978 1.57429
3979 1.57429
3980 1.57429
3981 1.57429
3982 1.57429
3983 1.57429
3984 1.57429
3985 1.57429
3986 1.57429
3987 1.57429
3988 1.57429
3989 1.57429
3990 1.57429
3991 1.57429
3992 1.57429
3993 1.57429
3994 1.57429
3995 1.57429
3996 1.57429
3997 1.57429
3998 1.57429
3999 1.57429
4000 1.57429
