0 0.19373
1 0.19373
2 0.19373
3 0.19373
4 0.19373
5 0.19373
6 0.19548
7 0.19548
8 0.19548
9 0.19722
10 0.19722
11 0.19897
12 0.19897
13 0.20071
14 0.20246
15 0.20420
16 0.20595
17 0.20769
18 0.20944
19 0.21118
20 0.21293
21 0.21468
22 0.21642
23 0.21991
24 0.22166
25 0.22340
26 0.22689
27 0.22864
28 0.23038
29 0.23387
30 0.23562
31 0.23911
32 0.24086
33 0.24435
34 0.24609
35 0.24958
36 0.25307
37 0.25482
38 0.25831
39 0.26180
40 0.26354
41 0.26704
42 0.27053
43 0.27402
44 0.27576
45 0.27925
46 0.28274
47 0.28623
48 0.28972
49 0.29147
50 0.29496
51 0.29845
52 0.30194
53 0.30543
54 0.30892
55 0.31241
56 0.31590
57 0.31940
58 0.32114
59 0.32463
60 0.32812
61 0.33161
62 0.33510
63 0.33859
64 0.34208
65 0.34558
66 0.34907
67 0.35256
68 0.35605
69 0.35954
70 0.36303
71 0.36652
72 0.37001
73 0.37350
74 0.37699
75 0.38048
76 0.38397
77 0.38746
78 0.39095
79 0.39444
80 0.39794
81 0.40143
82 0.40492
83 0.40841
84 0.41190
85 0.41539
86 0.41888
87 0.42237
88 0.42586
89 0.42935
90 0.43284
91 0.43633
92 0.43982
93 0.44331
94 0.44680
95 0.45029
96 0.45379
97 0.45553
98 0.46077
99 0.46251
100 0.46600
101 0.46949
102 0.47298
103 0.47647
104 0.47997
105 0.48346
106 0.48695
107 0.49044
108 0.49393
109 0.49742
110 0.50091
111 0.50440
112 0.50789
113 0.51138
114 0.51487
115 0.51836
116 0.52011
117 0.52360
118 0.52709
119 0.53058
120 0.53407
121 0.53756
122 0.54105
123 0.54454
124 0.54803
125 0.55152
126 0.55327
127 0.55676
128 0.56025
129 0.56374
130 0.56723
131 0.57072
132 0.57247
133 0.57596
134 0.57945
135 0.58294
136 0.58643
137 0.58992
138 0.59167
139 0.59516
140 0.59865
141 0.60214
142 0.60563
143 0.60737
144 0.61087
145 0.61436
146 0.61785
147 0.62134
148 0.62308
149 0.62657
150 0.63006
151 0.63355
152 0.63530
153 0.63879
154 0.64228
155 0.64403
156 0.64752
157 0.65101
158 0.65450
159 0.65624
160 0.65973
161 0.66323
162 0.66497
163 0.66846
164 0.67195
165 0.67370
166 0.67719
167 0.68068
168 0.68242
169 0.68591
170 0.68941
171 0.69115
172 0.69464
173 0.69813
174 0.69988
175 0.70337
176 0.70511
177 0.70860
178 0.71209
179 0.71384
180 0.71733
181 0.72082
182 0.72257
183 0.72606
184 0.72780
185 0.73129
186 0.73304
187 0.73653
188 0.74002
189 0.74176
190 0.74526
191 0.74700
192 0.75049
193 0.75224
194 0.75573
195 0.75747
196 0.76096
197 0.76271
198 0.76620
199 0.76794
200 0.77144
201 0.77318
202 0.77667
203 0.77842
204 0.78191
205 0.78365
206 0.78714
207 0.78889
208 0.79238
209 0.79412
210 0.79762
211 0.79936
212 0.80285
213 0.80460
214 0.80634
215 0.80983
216 0.81158
217 0.81507
218 0.81681
219 0.81856
220 0.82205
221 0.82380
222 0.82729
223 0.82903
224 0.83078
225 0.83427
226 0.83601
227 0.83776
228 0.84125
229 0.84299
230 0.84474
231 0.84823
232 0.84998
233 0.85347
234 0.85521
235 0.85696
236 0.85870
237 0.86219
238 0.86394
239 0.86568
240 0.86917
241 0.87092
242 0.87266
243 0.87616
244 0.87790
245 0.87965
246 0.88139
247 0.88488
248 0.88663
249 0.88837
250 0.89186
251 0.89361
252 0.89535
253 0.89710
254 0.90059
255 0.90234
256 0.90408
257 0.90583
258 0.90757
259 0.91106
260 0.91281
261 0.91455
262 0.91630
263 0.91804
264 0.92153
265 0.92328
266 0.92502
267 0.92677
268 0.92852
269 0.93026
270 0.93375
271 0.93550
272 0.93724
273 0.93899
274 0.94073
275 0.94248
276 0.94597
277 0.94771
278 0.94946
279 0.95120
280 0.95295
281 0.95470
282 0.95644
283 0.95993
284 0.96168
285 0.96342
286 0.96517
287 0.96691
288 0.96866
289 0.97040
290 0.97215
291 0.97389
292 0.97738
293 0.97913
294 0.98088
295 0.98262
296 0.98437
297 0.98611
298 0.98786
299 0.98960
300 0.99135
301 0.99309
302 0.99484
303 0.99658
304 0.99833
305 1.00007
306 1.00182
307 1.00356
308 1.00531
309 1.00706
310 1.00880
311 1.01055
312 1.01229
313 1.01404
314 1.01578
315 1.01753
316 1.01927
317 1.02102
318 1.02276
319 1.02451
320 1.02625
321 1.02800
322 1.02974
323 1.03149
324 1.03323
325 1.03498
326 1.03673
327 1.03847
328 1.04022
329 1.04196
330 1.04371
331 1.04545
332 1.04720
333 1.04894
334 1.05069
335 1.05243
336 1.05418
337 1.05418
338 1.05592
339 1.05767
340 1.05941
341 1.06116
342 1.06291
343 1.06465
344 1.06640
345 1.06814
346 1.06989
347 1.07163
348 1.07338
349 1.07338
350 1.07512
351 1.07687
352 1.07861
353 1.08036
354 1.08210
355 1.08385
356 1.08385
357 1.08559
358 1.08734
359 1.08909
360 1.09083
361 1.09258
362 1.09432
363 1.09432
364 1.09607
365 1.09781
366 1.09956
367 1.10130
368 1.10305
369 1.10305
370 1.10479
371 1.10654
372 1.10828
373 1.11003
374 1.11003
375 1.11177
376 1.11352
377 1.11527
378 1.11701
379 1.11701
380 1.11876
381 1.12050
382 1.12225
383 1.12399
384 1.12399
385 1.12574
386 1.12748
387 1.12923
388 1.13097
389 1.13097
390 1.13272
391 1.13446
392 1.13621
393 1.13621
394 1.13795
395 1.13970
396 1.14145
397 1.14145
398 1.14319
399 1.14494
400 1.14668
401 1.14668
402 1.14843
403 1.15017
404 1.15192
405 1.15192
406 1.15366
407 1.15541
408 1.15541
409 1.15715
410 1.15890
411 1.16064
412 1.16064
413 1.16239
414 1.16413
415 1.16413
416 1.16588
417 1.16763
418 1.16763
419 1.16937
420 1.17112
421 1.17286
422 1.17286
423 1.17461
424 1.17635
425 1.17635
426 1.17810
427 1.17984
428 1.17984
429 1.18159
430 1.18159
431 1.18333
432 1.18508
433 1.18682
434 1.18682
435 1.18857
436 1.19031
437 1.19031
438 1.19206
439 1.19206
440 1.19381
441 1.19555
442 1.19555
443 1.19730
444 1.19904
445 1.19904
446 1.20079
447 1.20079
448 1.20253
449 1.20428
450 1.20428
451 1.20602
452 1.20777
453 1.20777
454 1.20951
455 1.20951
456 1.21126
457 1.21300
458 1.21300
459 1.21475
460 1.21475
461 1.21649
462 1.21824
463 1.21824
464 1.21999
465 1.21999
466 1.22173
467 1.22173
468 1.22348
469 1.22522
470 1.22522
471 1.22697
472 1.22697
473 1.22871
474 1.23046
475 1.23046
476 1.23220
477 1.23220
478 1.23395
479 1.23395
480 1.23569
481 1.23569
482 1.23744
483 1.23918
484 1.23918
485 1.24093
486 1.24093
487 1.24267
488 1.24267
489 1.24442
490 1.24442
491 1.24617
492 1.24791
493 1.24791
494 1.24966
495 1.24966
496 1.25140
497 1.25140
498 1.25315
499 1.25315
500 1.25489
501 1.25489
502 1.25664
503 1.25664
504 1.25838
505 1.25838
506 1.26013
507 1.26013
508 1.26187
509 1.26187
510 1.26362
511 1.26362
512 1.26536
513 1.26536
514 1.26711
515 1.26711
516 1.26885
517 1.26885
518 1.27060
519 1.27060
520 1.27235
521 1.27235
522 1.27409
523 1.27409
524 1.27584
525 1.27584
526 1.27758
527 1.27758
528 1.27758
529 1.27933
530 1.27933
531 1.28107
532 1.28107
533 1.28282
534 1.28282
535 1.28456
536 1.28456
537 1.28631
538 1.28631
539 1.28805
540 1.28805
541 1.28980
542 1.28980
543 1.28980
544 1.29154
545 1.29154
546 1.29329
547 1.29329
548 1.29503
549 1.29503
550 1.29503
551 1.29678
552 1.29678
553 1.29852
554 1.29852
555 1.30027
556 1.30027
557 1.30202
558 1.30202
559 1.30202
560 1.30376
561 1.30376
562 1.30551
563 1.30551
564 1.30551
565 1.30725
566 1.30725
567 1.30900
568 1.30900
569 1.31074
570 1.31074
571 1.31074
572 1.31249
573 1.31249
574 1.31423
575 1.31423
576 1.31423
577 1.31598
578 1.31598
579 1.31772
580 1.31772
581 1.31772
582 1.31947
583 1.31947
584 1.32121
585 1.32121
586 1.32121
587 1.32296
588 1.32296
589 1.32470
590 1.32470
591 1.32470
592 1.32645
593 1.32645
594 1.32645
595 1.32820
596 1.32820
597 1.32994
598 1.32994
599 1.32994
600 1.33169
601 1.33169
602 1.33169
603 1.33343
604 1.33343
605 1.33343
606 1.33518
607 1.33518
608 1.33692
609 1.33692
610 1.33692
611 1.33867
612 1.33867
613 1.33867
614 1.34041
615 1.34041
616 1.34041
617 1.34216
618 1.34216
619 1.34216
620 1.34390
621 1.34390
622 1.34390
623 1.34565
624 1.34565
625 1.34565
626 1.34739
627 1.34739
628 1.34739
629 1.34914
630 1.34914
631 1.34914
632 1.35088
633 1.35088
634 1.35088
635 1.35263
636 1.35263
637 1.35438
638 1.35438
639 1.35438
640 1.35612
641 1.35612
642 1.35612
643 1.35612
644 1.35787
645 1.35787
646 1.35787
647 1.35961
648 1.35961
649 1.35961
650 1.36136
651 1.36136
652 1.36136
653 1.36136
654 1.36310
655 1.36310
656 1.36310
657 1.36485
658 1.36485
659 1.36485
660 1.36659
661 1.36659
662 1.36659
663 1.36834
664 1.36834
665 1.36834
666 1.36834
667 1.37008
668 1.37008
669 1.37008
670 1.37008
671 1.37183
672 1.37183
673 1.37183
674 1.37357
675 1.37357
676 1.37357
677 1.37357
678 1.37532
679 1.37532
680 1.37532
681 1.37532
682 1.37706
683 1.37706
684 1.37706
685 1.37706
686 1.37881
687 1.37881
688 1.37881
689 1.38056
690 1.38056
691 1.38056
692 1.38056
693 1.38230
694 1.38230
695 1.38230
696 1.38230
697 1.38405
698 1.38405
699 1.38405
700 1.38405
701 1.38579
702 1.38579
703 1.38579
704 1.38754
705 1.38754
706 1.38754
707 1.38754
708 1.38754
709 1.38928
710 1.38928
711 1.38928
712 1.38928
713 1.39103
714 1.39103
715 1.39103
716 1.39103
717 1.39277
718 1.39277
719 1.39277
720 1.39277
721 1.39452
722 1.39452
723 1.39452
724 1.39626
725 1.39626
726 1.39626
727 1.39626
728 1.39801
729 1.39801
730 1.39801
731 1.39801
732 1.39801
733 1.39975
734 1.39975
735 1.39975
736 1.39975
737 1.40150
738 1.40150
739 1.40150
740 1.40150
741 1.40150
742 1.40324
743 1.40324
744 1.40324
745 1.40324
746 1.40324
747 1.40499
748 1.40499
749 1.40499
750 1.40499
751 1.40499
752 1.40674
753 1.40674
754 1.40674
755 1.40848
756 1.40848
757 1.40848
758 1.40848
759 1.41023
760 1.41023
761 1.41023
762 1.41023
763 1.41023
764 1.41197
765 1.41197
766 1.41197
767 1.41197
768 1.41197
769 1.41372
770 1.41372
771 1.41372
772 1.41372
773 1.41372
774 1.41372
775 1.41546
776 1.41546
777 1.41546
778 1.41546
779 1.41546
780 1.41546
781 1.41721
782 1.41721
783 1.41721
784 1.41721
785 1.41721
786 1.41895
787 1.41895
788 1.41895
789 1.41895
790 1.41895
791 1.42070
792 1.42070
793 1.42070
794 1.42070
795 1.42070
796 1.42244
797 1.42244
798 1.42244
799 1.42244
800 1.42244
801 1.42419
802 1.42419
803 1.42419
804 1.42419
805 1.42419
806 1.42593
807 1.42593
808 1.42593
809 1.42593
810 1.42593
811 1.42593
812 1.42768
813 1.42768
814 1.42768
815 1.42768
816 1.42768
817 1.42768
818 1.42768
819 1.42942
820 1.42942
821 1.42942
822 1.42942
823 1.42942
824 1.42942
825 1.42942
826 1.42942
827 1.43117
828 1.43117
829 1.43117
830 1.43117
831 1.43117
832 1.43117
833 1.43117
834 1.43117
835 1.43117
836 1.43292
837 1.43292
838 1.43292
839 1.43292
840 1.43292
841 1.43292
842 1.43466
843 1.43466
844 1.43466
845 1.43466
846 1.43466
847 1.43466
848 1.43641
849 1.43641
850 1.43641
851 1.43641
852 1.43641
853 1.43641
854 1.43641
855 1.43815
856 1.43815
857 1.43815
858 1.43815
859 1.43815
860 1.43815
861 1.43815
862 1.43815
863 1.43815
864 1.43815
865 1.43815
866 1.43815
867 1.43815
868 1.43815
869 1.43815
870 1.43815
871 1.43815
872 1.43815
873 1.43815
874 1.43815
875 1.43815
876 1.43815
877 1.43815
878 1.43815
879 1.43815
880 1.43815
881 1.43815
882 1.43815
883 1.43815
884 1.43815
885 1.43815
886 1.43815
887 1.43815
888 1.43815
889 1.43815
890 1.43815
891 1.43815
892 1.43815
893 1.43815
894 1.43815
895 1.43815
896 1.43815
897 1.43815
898 1.43815
899 1.43815
900 1.43815
901 1.43815
902 1.43815
903 1.43815
904 1.43815
905 1.43815
906 1.43815
907 1.43815
908 1.43815
909 1.43815
910 1.43815
911 1.43815
912 1.43815
913 1.43641
914 1.43641
915 1.43641
916 1.43641
917 1.43641
918 1.43641
919 1.43641
920 1.43641
921 1.43641
922 1.43641
923 1.43641
924 1.43641
925 1.43641
926 1.43641
927 1.43641
928 1.43641
929 1.43641
930 1.43641
931 1.43641
932 1.43641
933 1.43641
934 1.43641
935 1.43641
936 1.43641
937 1.43641
938 1.43641
939 1.43641
940 1.43641
941 1.43641
942 1.43641
943 1.43641
944 1.43641
945 1.43641
946 1.43641
947 1.43641
948 1.43641
949 1.43641
950 1.43641
951 1.43641
952 1.43641
953 1.43641
954 1.43641
955 1.43641
956 1.43641
957 1.43641
958 1.43641
959 1.43641
960 1.43641
961 1.43641
962 1.43641
963 1.43641
964 1.43641
965 1.43641
966 1.43641
967 1.43641
968 1.43641
969 1.43641
970 1.43641
971 1.43641
972 1.43641
973 1.43641
974 1.43641
975 1.43641
976 1.43641
977 1.43641
978 1.43641
979 1.43641
980 1.43641
981 1.43641
982 1.43641
983 1.43641
984 1.43641
985 1.43641
986 1.43641
987 1.43641
988 1.43641
989 1.43641
990 1.43641
991 1.43641
992 1.43641
993 1.43641
994 1.43641
995 1.43641
996 1.43641
997 1.43641
998 1.43641
999 1.43641
1000 1.43641
1001 1.43641
1002 1.43641
1003 1.43641
1004 1.43641
1005 1.43641
1006 1.43641
1007 1.43641
1008 1.43641
1009 1.43641
1010 1.43641
1011 1.43641
1012 1.43641
1013 1.43641
1014 1.43641
1015 1.43641
1016 1.43641
1017 1.43641
1018 1.43641
1019 1.43641
1020 1.43641
1021 1.43641
1022 1.43641
1023 1.43641
1024 1.43641
1025 1.43641
1026 1.43641
1027 1.43641
1028 1.43641
1029 1.43641
1030 1.43641
1031 1.43641
1032 1.43641
1033 1.43641
1034 1.43641
1035 1.43641
1036 1.43641
1037 1.43641
1038 1.43641
1039 1.43641
1040 1.43641
1041 1.43641
1042 1.43641
1043 1.43641
1044 1.43641
1045 1.43641
1046 1.43641
1047 1.43641
1048 1.43641
1049 1.43641
1050 1.43641
1051 1.43641
1052 1.43641
1053 1.43641
1054 1.43641
1055 1.43641
1056 1.43641
1057 1.43641
1058 1.43641
1059 1.43641
1060 1.43641
1061 1.43641
1062 1.43641
1063 1.43641
1064 1.43641
1065 1.43641
1066 1.43641
1067 1.43641
1068 1.43641
1069 1.43641
1070 1.43641
1071 1.43641
1072 1.43641
1073 1.43641
1074 1.43641
1075 1.43641
1076 1.43641
1077 1.43641
1078 1.43641
1079 1.43641
1080 1.43641
1081 1.43641
1082 1.43641
1083 1.43641
1084 1.43641
1085 1.43641
1086 1.43641
1087 1.43641
1088 1.43641
1089 1.43641
1090 1.43641
1091 1.43641
1092 1.43641
1093 1.43641
1094 1.43641
1095 1.43641
1096 1.43641
1097 1.43641
1098 1.43641
1099 1.43641
1100 1.43641
1101 1.43641
1102 1.43641
1103 1.43641
1104 1.43641
1105 1.43641
1106 1.43641
1107 1.43641
1108 1.43641
1109 1.43641
1110 1.43641
1111 1.43641
1112 1.43641
1113 1.43641
1114 1.43641
1115 1.43641
1116 1.43641
1117 1.43641
1118 1.43641
1119 1.43641
1120 1.43641
1121 1.43641
1122 1.43641
1123 1.43641
1124 1.43641
1125 1.43641
1126 1.43641
1127 1.43641
1128 1.43641
1129 1.43641
1130 1.43641
1131 1.43641
1132 1.43641
1133 1.43641
1134 1.43641
1135 1.43641
1136 1.43641
1137 1.43641
1138 1.43641
1139 1.43641
1140 1.43641
1141 1.43641
1142 1.43641
1143 1.43641
1144 1.43641
1145 1.43641
1146 1.43641
1147 1.43641
1148 1.43641
1149 1.43641
1150 1.43641
1151 1.43641
1152 1.43641
1153 1.43641
1154 1.43641
1155 1.43641
1156 1.43641
1157 1.43641
1158 1.43641
1159 1.43641
1160 1.43641
1161 1.43641
1162 1.43641
1163 1.43641
1164 1.43641
1165 1.43641
1166 1.43641
1167 1.43641
1168 1.43641
1169 1.43641
1170 1.43641
1171 1.43641
1172 1.43641
1173 1.43641
1174 1.43641
1175 1.43641
1176 1.43641
1177 1.43641
1178 1.43641
1179 1.43641
1180 1.43641
1181 1.43641
1182 1.43641
1183 1.43641
1184 1.43641
1185 1.43641
1186 1.43641
1187 1.43641
1188 1.43641
1189 1.43641
1190 1.43641
1191 1.43641
1192 1.43641
1193 1.43641
1194 1.43641
1195 1.43641
1196 1.43641
1197 1.43641
1198 1.43641
1199 1.43641
1200 1.43641
1201 1.43641
1202 1.43641
1203 1.43641
1204 1.43641
1205 1.43641
1206 1.43641
1207 1.43641
1208 1.43641
1209 1.43641
1210 1.43641
1211 1.43641
1212 1.43641
1213 1.43641
1214 1.43641
1215 1.43641
1216 1.43641
1217 1.43641
1218 1.43641
1219 1.43641
1220 1.43641
1221 1.43641
1222 1.43641
1223 1.43641
1224 1.43641
1225 1.43641
1226 1.43641
1227 1.43641
1228 1.43641
1229 1.43641
1230 1.43641
1231 1.43641
1232 1.43641
1233 1.43641
1234 1.43641
1235 1.43641
1236 1.43641
1237 1.43641
1238 1.43641
1239 1.43641
1240 1.43641
1241 1.43641
1242 1.43641
1243 1.43641
1244 1.43641
1245 1.43641
1246 1.43641
1247 1.43641
1248 1.43641
1249 1.43641
1250 1.43641
1251 1.43641
1252 1.43641
1253 1.43641
1254 1.43641
1255 1.43641
1256 1.43641
1257 1.43641
1258 1.43641
1259 1.43641
1260 1.43641
1261 1.43641
1262 1.43641
1263 1.43641
1264 1.43641
1265 1.43641
1266 1.43641
1267 1.43641
1268 1.43641
1269 1.43641
1270 1.43641
1271 1.43641
1272 1.43641
1273 1.43641
1274 1.43641
1275 1.43641
1276 1.43641
1277 1.43641
1278 1.43641
1279 1.43641
1280 1.43641
1281 1.43641
1282 1.43641
1283 1.43641
1284 1.43641
1285 1.43641
1286 1.43641
1287 1.43641
1288 1.43641
1289 1.43641
1290 1.43641
1291 1.43641
1292 1.43641
1293 1.43641
1294 1.43641
1295 1.43641
1296 1.43641
1297 1.43641
1298 1.43641
1299 1.43641
1300 1.43641
1301 1.43641
1302 1.43641
1303 1.43641
1304 1.43641
1305 1.43641
1306 1.43641
1307 1.43641
1308 1.43641
1309 1.43641
1310 1.43641
1311 1.43641
1312 1.43641
1313 1.43641
1314 1.43641
1315 1.43641
1316 1.43641
1317 1.43641
1318 1.43641
1319 1.43641
1320 1.43641
1321 1.43641
1322 1.43641
1323 1.43641
1324 1.43641
1325 1.43641
1326 1.43641
1327 1.43641
1328 1.43641
1329 1.43641
1330 1.43641
1331 1.43641
1332 1.43641
1333 1.43641
1334 1.43641
1335 1.43641
1336 1.43641
1337 1.43641
1338 1.43641
1339 1.43641
1340 1.43641
1341 1.43641
1342 1.43641
1343 1.43641
1344 1.43641
1345 1.43641
1346 1.43641
1347 1.43641
1348 1.43641
1349 1.43641
1350 1.43641
1351 1.43641
1352 1.43641
1353 1.43641
1354 1.43641
1355 1.43641
1356 1.43641
1357 1.43641
1358 1.43641
1359 1.43641
1360 1.43641
1361 1.43641
1362 1.43641
1363 1.43641
1364 1.43641
1365 1.43641
1366 1.43641
1367 1.43641
1368 1.43641
1369 1.43641
1370 1.43641
1371 1.43641
1372 1.43641
1373 1.43641
1374 1.43641
1375 1.43641
1376 1.43641
1377 1.43641
1378 1.43641
1379 1.43641
1380 1.43641
1381 1.43641
1382 1.43641
1383 1.43641
1384 1.43641
1385 1.43641
1386 1.43641
1387 1.43641
1388 1.43641
1389 1.43641
1390 1.43641
1391 1.43641
1392 1.43641
1393 1.43641
1394 1.43641
1395 1.43641
1396 1.43641
1397 1.43641
1398 1.43641
1399 1.43641
1400 1.43641
1401 1.43641
1402 1.43641
1403 1.43641
1404 1.43641
1405 1.43641
1406 1.43641
1407 1.43641
1408 1.43641
1409 1.43641
1410 1.43641
1411 1.43641
1412 1.43641
1413 1.43641
1414 1.43641
1415 1.43641
1416 1.43641
1417 1.43641
1418 1.43641
1419 1.43641
1420 1.43641
1421 1.43641
1422 1.43641
1423 1.43641
1424 1.43641
1425 1.43641
1426 1.43641
1427 1.43641
1428 1.43641
1429 1.43641
1430 1.43641
1431 1.43641
1432 1.43641
1433 1.43641
1434 1.43641
1435 1.43641
1436 1.43641
1437 1.43641
1438 1.43641
1439 1.43641
1440 1.43641
1441 1.43641
1442 1.43641
1443 1.43641
1444 1.43641
1445 1.43641
1446 1.43641
1447 1.43641
1448 1.43641
1449 1.43641
1450 1.43641
1451 1.43641
1452 1.43641
1453 1.43641
1454 1.43641
1455 1.43641
1456 1.43641
1457 1.43641
1458 1.43641
1459 1.43641
1460 1.43641
1461 1.43641
1462 1.43641
1463 1.43641
1464 1.43641
1465 1.43641
1466 1.43641
1467 1.43641
1468 1.43641
1469 1.43641
1470 1.43641
1471 1.43641
1472 1.43641
1473 1.43641
1474 1.43641
1475 1.43641
1476 1.43641
1477 1.43641
1478 1.43641
1479 1.43641
1480 1.43641
1481 1.43641
1482 1.43641
1483 1.43641
1484 1.43641
1485 1.43641
1486 1.43641
1487 1.43641
1488 1.43641
1489 1.43641
1490 1.43641
1491 1.43641
1492 1.43641
1493 1.43641
1494 1.43641
1495 1.43641
1496 1.43641
1497 1.43641
1498 1.43641
1499 1.43641
1500 1.43641
1501 1.43641
1502 1.43641
1503 1.43641
1504 1.43641
1505 1.43641
1506 1.43641
1507 1.43641
1508 1.43641
1509 1.43641
1510 1.43641
1511 1.43641
1512 1.43641
1513 1.43641
1514 1.43641
1515 1.43641
1516 1.43641
1517 1.43641
1518 1.43641
1519 1.43641
1520 1.43641
1521 1.43641
1522 1.43641
1523 1.43641
1524 1.43641
1525 1.43641
1526 1.43641
1527 1.43641
1528 1.43641
1529 1.43641
1530 1.43641
1531 1.43641
1532 1.43641
1533 1.43641
1534 1.43641
1535 1.43641
1536 1.43641
1537 1.43641
1538 1.43641
1539 1.43641
1540 1.43641
1541 1.43641
1542 1.43641
1543 1.43641
1544 1.43641
1545 1.43641
1546 1.43641
1547 1.43641
1548 1.43641
1549 1.43641
1550 1.43641
1551 1.43641
1552 1.43641
1553 1.43641
1554 1.43641
1555 1.43641
1556 1.43641
1557 1.43641
1558 1.43641
1559 1.43641
1560 1.43641
1561 1.43641
1562 1.43641
1563 1.43641
1564 1.43641
1565 1.43641
1566 1.43641
1567 1.43641
1568 1.43641
1569 1.43641
1570 1.43641
1571 1.43641
1572 1.43641
1573 1.43641
1574 1.43641
1575 1.43641
1576 1.43641
1577 1.43641
1578 1.43641
1579 1.43641
1580 1.43641
1581 1.43641
1582 1.43641
1583 1.43641
1584 1.43641
1585 1.43641
1586 1.43641
1587 1.43641
1588 1.43641
1589 1.43641
1590 1.43641
1591 1.43641
1592 1.43641
1593 1.43641
1594 1.43641
1595 1.43641
1596 1.43641
1597 1.43641
1598 1.43641
1599 1.43641
1600 1.43641
1601 1.43641
1602 1.43641
1603 1.43641
1604 1.43641
1605 1.43641
1606 1.43641
1607 1.43641
1608 1.43641
1609 1.43641
1610 1.43641
1611 1.43641
1612 1.43641
1613 1.43641
1614 1.43641
1615 1.43641
1616 1.43641
1617 1.43641
1618 1.43641
1619 1.43641
1620 1.43641
1621 1.43641
1622 1.43641
1623 1.43641
1624 1.43641
1625 1.43641
1626 1.43641
1627 1.43641
1628 1.43641
1629 1.43641
1630 1.43641
1631 1.43641
1632 1.43641
1633 1.43641
1634 1.43641
1635 1.43641
1636 1.43641
1637 1.43641
1638 1.43641
1639 1.43641
1640 1.43641
1641 1.43641
1642 1.43641
1643 1.43641
1644 1.43641
1645 1.43641
1646 1.43641
1647 1.43641
1648 1.43641
1649 1.43641
1650 1.43641
1651 1.43641
1652 1.43641
1653 1.43641
1654 1.43641
1655 1.43641
1656 1.43641
1657 1.43641
1658 1.43641
1659 1.43641
1660 1.43641
1661 1.43641
1662 1.43641
1663 1.43641
1664 1.43641
1665 1.43641
1666 1.43641
1667 1.43641
1668 1.43641
1669 1.43641
1670 1.43641
1671 1.43641
1672 1.43641
1673 1.43641
1674 1.43641
1675 1.43641
1676 1.43641
1677 1.43641
1678 1.43641
1679 1.43641
1680 1.43641
1681 1.43641
1682 1.43641
1683 1.43641
1684 1.43641
1685 1.43641
1686 1.43641
1687 1.43641
1688 1.43641
1689 1.43641
1690 1.43641
1691 1.43641
1692 1.43641
1693 1.43641
1694 1.43641
1695 1.43641
1696 1.43641
1697 1.43641
1698 1.43641
1699 1.43641
1700 1.43641
1701 1.43641
1702 1.43641
1703 1.43641
1704 1.43641
1705 1.43641
1706 1.43641
1707 1.43641
1708 1.43641
1709 1.43641
1710 1.43641
1711 1.43641
1712 1.43641
1713 1.43641
1714 1.43641
1715 1.43641
1716 1.43641
1717 1.43641
1718 1.43641
1719 1.43641
1720 1.43641
1721 1.43641
1722 1.43641
1723 1.43641
1724 1.43641
1725 1.43641
1726 1.43641
1727 1.43641
1728 1.43641
1729 1.43641
1730 1.43641
1731 1.43641
1732 1.43641
1733 1.43641
1734 1.43641
1735 1.43641
1736 1.43641
1737 1.43641
1738 1.43641
1739 1.43641
1740 1.43641
1741 1.43641
1742 1.43641
1743 1.43641
1744 1.43641
1745 1.43641
1746 1.43641
1747 1.43641
1748 1.43641
1749 1.43641
1750 1.43641
1751 1.43641
1752 1.43641
1753 1.43641
1754 1.43641
1755 1.43641
1756 1.43641
1757 1.43641
1758 1.43641
1759 1.43641
1760 1.43641
1761 1.43641
1762 1.43641
1763 1.43641
1764 1.43641
1765 1.43641
1766 1.43641
1767 1.43641
1768 1.43641
1769 1.43641
1770 1.43641
1771 1.43641
1772 1.43641
1773 1.43641
1774 1.43641
1775 1.43641
1776 1.43641
1777 1.43641
1778 1.43641
1779 1.43641
1780 1.43641
1781 1.43641
1782 1.43641
1783 1.43641
1784 1.43641
1785 1.43641
1786 1.43641
1787 1.43641
1788 1.43641
1789 1.43641
1790 1.43641
1791 1.43641
1792 1.43641
1793 1.43641
1794 1.43641
1795 1.43641
1796 1.43641
1797 1.43641
1798 1.43641
1799 1.43641
1800 1.43641
1801 1.43641
1802 1.43641
1803 1.43641
1804 1.43641
1805 1.43641
1806 1.43641
1807 1.43641
1808 1.43641
1809 1.43641
1810 1.43641
1811 1.43641
1812 1.43641
1813 1.43641
1814 1.43641
1815 1.43641
1816 1.43641
1817 1.43641
1818 1.43641
1819 1.43641
1820 1.43641
1821 1.43641
1822 1.43641
1823 1.43641
1824 1.43641
1825 1.43641
1826 1.43641
1827 1.43641
1828 1.43641
1829 1.43641
1830 1.43641
1831 1.43641
1832 1.43641
1833 1.43641
1834 1.43641
1835 1.43641
1836 1.43641
1837 1.43641
1838 1.43641
1839 1.43641
1840 1.43641
1841 1.43641
1842 1.43641
1843 1.43641
1844 1.43641
1845 1.43641
1846 1.43641
1847 1.43641
1848 1.43641
1849 1.43641
1850 1.43641
1851 1.43641
1852 1.43641
1853 1.43641
1854 1.43641
1855 1.43641
1856 1.43641
1857 1.43641
1858 1.43641
1859 1.43641
1860 1.43641
1861 1.43641
1862 1.43641
1863 1.43641
1864 1.43641
1865 1.43641
1866 1.43641
1867 1.43641
1868 1.43641
1869 1.43641
1870 1.43641
1871 1.43641
1872 1.43641
1873 1.43641
1874 1.43641
1875 1.43641
1876 1.43641
1877 1.43641
1878 1.43641
1879 1.43641
1880 1.43641
1881 1.43641
1882 1.43641
1883 1.43641
1884 1.43641
1885 1.43641
1886 1.43641
1887 1.43641
1888 1.43641
1889 1.43641
1890 1.43641
1891 1.43641
1892 1.43641
1893 1.43641
1894 1.43641
1895 1.43641
1896 1.43641
1897 1.43641
1898 1.43641
1899 1.43641
1900 1.43641
1901 1.43641
1902 1.43641
1903 1.43641
1904 1.43641
1905 1.43641
1906 1.43641
1907 1.43641
1908 1.43641
1909 1.43641
1910 1.43641
1911 1.43641
1912 1.43641
1913 1.43641
1914 1.43641
1915 1.43641
1916 1.43641
1917 1.43641
1918 1.43641
1919 1.43641
1920 1.43641
1921 1.43641
1922 1.43641
1923 1.43641
1924 1.43641
1925 1.43641
1926 1.43641
1927 1.43641
1928 1.43641
1929 1.43641
1930 1.43641
1931 1.43641
1932 1.43641
1933 1.43641
1934 1.43641
1935 1.43641
1936 1.43641
1937 1.43641
1938 1.43641
1939 1.43641
1940 1.43641
1941 1.43641
1942 1.43641
1943 1.43641
1944 1.43641
1945 1.43641
1946 1.43641
1947 1.43641
1948 1.43641
1949 1.43641
1950 1.43641
1951 1.43641
1952 1.43641
1953 1.43641
1954 1.43641
1955 1.43641
1956 1.43641
1957 1.43641
1958 1.43641
1959 1.43641
1960 1.43641
1961 1.43641
1962 1.43641
1963 1.43641
1964 1.43641
1965 1.43641
1966 1.43641
1967 1.43641
1968 1.43641
1969 1.43641
1970 1.43641
1971 1.43641
1972 1.43641
1973 1.43641
1974 1.43641
1975 1.43641
1976 1.43641
1977 1.43641
1978 1.43641
1979 1.43641
1980 1.43641
1981 1.43641
1982 1.43641
1983 1.43641
1984 1.43641
1985 1.43641
1986 1.43641
1987 1.43641
1988 1.43641
1989 1.43641
1990 1.43641
1991 1.43641
1992 1.43641
1993 1.43641
1994 1.43641
1995 1.43641
1996 1.43641
1997 1.43641
1998 1.43641
1999 1.43641
2000 1.43641
2001 1.43641
2002 1.43641
2003 1.43641
2004 1.43641
2005 1.43641
2006 1.43641
2007 1.43641
2008 1.43641
2009 1.43641
2010 1.43641
2011 1.43641
2012 1.43641
2013 1.43641
2014 1.43641
2015 1.43641
2016 1.43641
2017 1.43641
2018 1.43641
2019 1.43641
2020 1.43641
2021 1.43641
2022 1.43641
2023 1.43641
2024 1.43641
2025 1.43641
2026 1.43641
2027 1.43641
2028 1.43641
2029 1.43641
2030 1.43641
2031 1.43641
2032 1.43641
2033 1.43641
2034 1.43641
2035 1.43641
2036 1.43641
2037 1.43641
2038 1.43641
2039 1.43641
2040 1.43641
2041 1.43641
2042 1.43641
2043 1.43641
2044 1.43641
2045 1.43641
2046 1.43641
2047 1.43641
2048 1.43641
2049 1.43641
2050 1.43641
2051 1.43641
2052 1.43641
2053 1.43641
2054 1.43641
2055 1.43641
2056 1.43641
2057 1.43641
2058 1.43641
2059 1.43641
2060 1.43641
2061 1.43641
2062 1.43641
2063 1.43641
2064 1.43641
2065 1.43641
2066 1.43641
2067 1.43641
2068 1.43641
2069 1.43641
2070 1.43641
2071 1.43641
2072 1.43641
2073 1.43641
2074 1.43641
2075 1.43641
2076 1.43641
2077 1.43641
2078 1.43641
2079 1.43641
2080 1.43641
2081 1.43641
2082 1.43641
2083 1.43641
2084 1.43641
2085 1.43641
2086 1.43641
2087 1.43641
2088 1.43641
2089 1.43641
2090 1.43641
2091 1.43641
2092 1.43641
2093 1.43641
2094 1.43641
2095 1.43641
2096 1.43641
2097 1.43641
2098 1.43641
2099 1.43641
2100 1.43641
2101 1.43641
2102 1.43641
2103 1.43641
2104 1.43641
2105 1.43641
2106 1.43641
2107 1.43641
2108 1.43641
2109 1.43641
2110 1.43641
2111 1.43641
2112 1.43641
2113 1.43641
2114 1.43641
2115 1.43641
2116 1.43641
2117 1.43641
2118 1.43641
2119 1.43641
2120 1.43641
2121 1.43641
2122 1.43641
2123 1.43641
2124 1.43641
2125 1.43641
2126 1.43641
2127 1.43641
2128 1.43641
2129 1.43641
2130 1.43641
2131 1.43641
2132 1.43641
2133 1.43641
2134 1.43641
2135 1.43641
2136 1.43641
2137 1.43641
2138 1.43641
2139 1.43641
2140 1.43641
2141 1.43641
2142 1.43641
2143 1.43641
2144 1.43641
2145 1.43641
2146 1.43641
2147 1.43641
2148 1.43641
2149 1.43641
2150 1.43641
2151 1.43641
2152 1.43641
2153 1.43641
2154 1.43641
2155 1.43641
2156 1.43641
2157 1.43641
2158 1.43641
2159 1.43641
2160 1.43641
2161 1.43641
2162 1.43641
2163 1.43641
2164 1.43641
2165 1.43641
2166 1.43641
2167 1.43641
2168 1.43641
2169 1.43641
2170 1.43641
2171 1.43641
2172 1.43641
2173 1.43641
2174 1.43641
2175 1.43641
2176 1.43641
2177 1.43641
2178 1.43641
2179 1.43641
2180 1.43641
2181 1.43641
2182 1.43641
2183 1.43641
2184 1.43641
2185 1.43641
2186 1.43641
2187 1.43641
2188 1.43641
2189 1.43641
2190 1.43641
2191 1.43641
2192 1.43641
2193 1.43641
2194 1.43641
2195 1.43641
2196 1.43641
2197 1.43641
2198 1.43641
2199 1.43641
2200 1.43641
2201 1.43641
2202 1.43641
2203 1.43641
2204 1.43641
2205 1.43641
2206 1.43641
2207 1.43641
2208 1.43641
2209 1.43641
2210 1.43641
2211 1.43641
2212 1.43641
2213 1.43641
2214 1.43641
2215 1.43641
2216 1.43641
2217 1.43641
2218 1.43641
2219 1.43641
2220 1.43641
2221 1.43641
2222 1.43641
2223 1.43641
2224 1.43641
2225 1.43641
2226 1.43641
2227 1.43641
2228 1.43641
2229 1.43641
2230 1.43641
2231 1.43641
2232 1.43641
2233 1.43641
2234 1.43641
2235 1.43641
2236 1.43641
2237 1.43641
2238 1.43641
2239 1.43641
2240 1.43641
2241 1.43641
2242 1.43641
2243 1.43641
2244 1.43641
2245 1.43641
2246 1.43641
2247 1.43641
2248 1.43641
2249 1.43641
2250 1.43641
2251 1.43641
2252 1.43641
2253 1.43641
2254 1.43641
2255 1.43641
2256 1.43641
2257 1.43641
2258 1.43641
2259 1.43641
2260 1.43641
2261 1.43641
2262 1.43641
2263 1.43641
2264 1.43641
2265 1.43641
2266 1.43641
2267 1.43641
2268 1.43641
2269 1.43641
2270 1.43641
2271 1.43641
2272 1.43641
2273 1.43641
2274 1.43641
2275 1.43641
2276 1.43641
2277 1.43641
2278 1.43641
2279 1.43641
2280 1.43641
2281 1.43641
2282 1.43641
2283 1.43641
2284 1.43641
2285 1.43641
2286 1.43641
2287 1.43641
2288 1.43641
2289 1.43641
2290 1.43641
2291 1.43641
2292 1.43641
2293 1.43641
2294 1.43641
2295 1.43641
2296 1.43641
2297 1.43641
2298 1.43641
2299 1.43641
2300 1.43641
2301 1.43641
2302 1.43641
2303 1.43641
2304 1.43641
2305 1.43641
2306 1.43641
2307 1.43641
2308 1.43641
2309 1.43641
2310 1.43641
2311 1.43641
2312 1.43641
2313 1.43641
2314 1.43641
2315 1.43641
2316 1.43641
2317 1.43641
2318 1.43641
2319 1.43641
2320 1.43641
2321 1.43641
2322 1.43641
2323 1.43641
2324 1.43641
2325 1.43641
2326 1.43641
2327 1.43641
2328 1.43641
2329 1.43641
2330 1.43641
2331 1.43641
2332 1.43641
2333 1.43641
2334 1.43641
2335 1.43641
2336 1.43641
2337 1.43641
2338 1.43641
2339 1.43641
2340 1.43641
2341 1.43641
2342 1.43641
2343 1.43641
2344 1.43641
2345 1.43641
2346 1.43641
2347 1.43641
2348 1.43641
2349 1.43641
2350 1.43641
2351 1.43641
2352 1.43641
2353 1.43641
2354 1.43641
2355 1.43641
2356 1.43641
2357 1.43641
2358 1.43641
2359 1.43641
2360 1.43641
2361 1.43641
2362 1.43641
2363 1.43641
2364 1.43641
2365 1.43641
2366 1.43641
2367 1.43641
2368 1.43641
2369 1.43641
2370 1.43641
2371 1.43641
2372 1.43641
2373 1.43641
2374 1.43641
2375 1.43641
2376 1.43641
2377 1.43641
2378 1.43641
2379 1.43641
2380 1.43641
2381 1.43641
2382 1.43641
2383 1.43641
2384 1.43641
2385 1.43641
2386 1.43641
2387 1.43641
2388 1.43641
2389 1.43641
2390 1.43641
2391 1.43641
2392 1.43641
2393 1.43641
2394 1.43641
2395 1.43641
2396 1.43641
2397 1.43641
2398 1.43641
2399 1.43641
2400 1.43641
2401 1.43641
2402 1.43641
2403 1.43641
2404 1.43641
2405 1.43641
2406 1.43641
2407 1.43641
2408 1.43641
2409 1.43641
2410 1.43641
2411 1.43641
2412 1.43641
2413 1.43641
2414 1.43641
2415 1.43641
2416 1.43641
2417 1.43641
2418 1.43641
2419 1.43641
2420 1.43641
2421 1.43641
2422 1.43641
2423 1.43641
2424 1.43641
2425 1.43641
2426 1.43641
2427 1.43641
2428 1.43641
2429 1.43641
2430 1.43641
2431 1.43641
2432 1.43641
2433 1.43641
2434 1.43641
2435 1.43641
2436 1.43641
2437 1.43641
2438 1.43641
2439 1.43641
2440 1.43641
2441 1.43641
2442 1.43641
2443 1.43641
2444 1.43641
2445 1.43641
2446 1.43641
2447 1.43641
2448 1.43641
2449 1.43641
2450 1.43641
2451 1.43641
2452 1.43641
2453 1.43641
2454 1.43641
2455 1.43641
2456 1.43641
2457 1.43641
2458 1.43641
2459 1.43641
2460 1.43641
2461 1.43641
2462 1.43641
2463 1.43641
2464 1.43641
2465 1.43641
2466 1.43641
2467 1.43641
2468 1.43641
2469 1.43641
2470 1.43641
2471 1.43641
2472 1.43641
2473 1.43641
2474 1.43641
2475 1.43641
2476 1.43641
2477 1.43641
2478 1.43641
2479 1.43641
2480 1.43641
2481 1.43641
2482 1.43641
2483 1.43641
2484 1.43641
2485 1.43641
2486 1.43641
2487 1.43641
2488 1.43641
2489 1.43641
2490 1.43641
2491 1.43641
2492 1.43641
2493 1.43641
2494 1.43641
2495 1.43641
2496 1.43641
2497 1.43641
2498 1.43641
2499 1.43641
2500 1.43641
2501 1.43641
2502 1.43641
2503 1.43641
2504 1.43641
2505 1.43641
2506 1.43641
2507 1.43641
2508 1.43641
2509 1.43641
2510 1.43641
2511 1.43641
2512 1.43641
2513 1.43641
2514 1.43641
2515 1.43641
2516 1.43641
2517 1.43641
2518 1.43641
2519 1.43641
2520 1.43641
2521 1.43641
2522 1.43641
2523 1.43641
2524 1.43641
2525 1.43641
2526 1.43641
2527 1.43641
2528 1.43641
2529 1.43641
2530 1.43641
2531 1.43641
2532 1.43641
2533 1.43641
2534 1.43641
2535 1.43641
2536 1.43641
2537 1.43641
2538 1.43641
2539 1.43641
2540 1.43641
2541 1.43641
2542 1.43641
2543 1.43641
2544 1.43641
2545 1.43641
2546 1.43641
2547 1.43641
2548 1.43641
2549 1.43641
2550 1.43641
2551 1.43641
2552 1.43641
2553 1.43641
2554 1.43641
2555 1.43641
2556 1.43641
2557 1.43641
2558 1.43641
2559 1.43641
2560 1.43641
2561 1.43641
2562 1.43641
2563 1.43641
2564 1.43641
2565 1.43641
2566 1.43641
2567 1.43641
2568 1.43641
2569 1.43641
2570 1.43641
2571 1.43641
2572 1.43641
2573 1.43641
2574 1.43641
2575 1.43641
2576 1.43641
2577 1.43641
2578 1.43641
2579 1.43641
2580 1.43641
2581 1.43641
2582 1.43641
2583 1.43641
2584 1.43641
2585 1.43641
2586 1.43641
2587 1.43641
2588 1.43641
2589 1.43641
2590 1.43641
2591 1.43641
2592 1.43641
2593 1.43641
2594 1.43641
2595 1.43641
2596 1.43641
2597 1.43641
2598 1.43641
2599 1.43641
2600 1.43641
2601 1.43641
2602 1.43641
2603 1.43641
2604 1.43641
2605 1.43641
2606 1.43641
2607 1.43641
2608 1.43641
2609 1.43641
2610 1.43641
2611 1.43641
2612 1.43641
2613 1.43641
2614 1.43641
2615 1.43641
2616 1.43641
2617 1.43641
2618 1.43641
2619 1.43641
2620 1.43641
2621 1.43641
2622 1.43641
2623 1.43641
2624 1.43641
2625 1.43641
2626 1.43641
2627 1.43641
2628 1.43641
2629 1.43641
2630 1.43641
2631 1.43641
2632 1.43641
2633 1.43641
2634 1.43641
2635 1.43641
2636 1.43641
2637 1.43641
2638 1.43641
2639 1.43641
2640 1.43641
2641 1.43641
2642 1.43641
2643 1.43641
2644 1.43641
2645 1.43641
2646 1.43641
2647 1.43641
2648 1.43641
2649 1.43641
2650 1.43641
2651 1.43641
2652 1.43641
2653 1.43641
2654 1.43641
2655 1.43641
2656 1.43641
2657 1.43641
2658 1.43641
2659 1.43641
2660 1.43641
2661 1.43641
2662 1.43641
2663 1.43641
2664 1.43641
2665 1.43641
2666 1.43641
2667 1.43641
2668 1.43641
2669 1.43641
2670 1.43641
2671 1.43641
2672 1.43641
2673 1.43641
2674 1.43641
2675 1.43641
2676 1.43641
2677 1.43641
2678 1.43641
2679 1.43641
2680 1.43641
2681 1.43641
2682 1.43641
2683 1.43641
2684 1.43641
2685 1.43641
2686 1.43641
2687 1.43641
2688 1.43641
2689 1.43641
2690 1.43641
2691 1.43641
2692 1.43641
2693 1.43641
2694 1.43641
2695 1.43641
2696 1.43641
2697 1.43641
2698 1.43641
2699 1.43641
2700 1.43641
2701 1.43641
2702 1.43641
2703 1.43641
2704 1.43641
2705 1.43641
2706 1.43641
2707 1.43641
2708 1.43641
2709 1.43641
2710 1.43641
2711 1.43641
2712 1.43641
2713 1.43641
2714 1.43641
2715 1.43641
2716 1.43641
2717 1.43641
2718 1.43641
2719 1.43641
2720 1.43641
2721 1.43641
2722 1.43641
2723 1.43641
2724 1.43641
2725 1.43641
2726 1.43641
2727 1.43641
2728 1.43641
2729 1.43641
2730 1.43641
2731 1.43641
2732 1.43641
2733 1.43641
2734 1.43641
2735 1.43641
2736 1.43641
2737 1.43641
2738 1.43641
2739 1.43641
2740 1.43641
2741 1.43641
2742 1.43641
2743 1.43641
2744 1.43641
2745 1.43641
2746 1.43641
2747 1.43641
2748 1.43641
2749 1.43641
2750 1.43641
2751 1.43641
2752 1.43641
2753 1.43641
2754 1.43641
2755 1.43641
2756 1.43641
2757 1.43641
2758 1.43641
2759 1.43641
2760 1.43641
2761 1.43641
2762 1.43641
2763 1.43641
2764 1.43641
2765 1.43641
2766 1.43641
2767 1.43641
2768 1.43641
2769 1.43641
2770 1.43641
2771 1.43641
2772 1.43641
2773 1.43641
2774 1.43641
2775 1.43641
2776 1.43641
2777 1.43641
2778 1.43641
2779 1.43641
2780 1.43641
2781 1.43641
2782 1.43641
2783 1.43641
2784 1.43641
2785 1.43641
2786 1.43641
2787 1.43641
2788 1.43641
2789 1.43641
2790 1.43641
2791 1.43641
2792 1.43641
2793 1.43641
2794 1.43641
2795 1.43641
2796 1.43641
2797 1.43641
2798 1.43641
2799 1.43641
2800 1.43641
2801 1.43641
2802 1.43641
2803 1.43641
2804 1.43641
2805 1.43641
2806 1.43641
2807 1.43641
2808 1.43641
2809 1.43641
2810 1.43641
2811 1.43641
2812 1.43641
2813 1.43641
2814 1.43641
2815 1.43641
2816 1.43641
2817 1.43641
2818 1.43641
2819 1.43641
2820 1.43641
2821 1.43641
2822 1.43641
2823 1.43641
2824 1.43641
2825 1.43641
2826 1.43641
2827 1.43641
2828 1.43641
2829 1.43641
2830 1.43641
2831 1.43641
2832 1.43641
2833 1.43641
2834 1.43641
2835 1.43641
2836 1.43641
2837 1.43641
2838 1.43641
2839 1.43641
2840 1.43641
2841 1.43641
2842 1.43641
2843 1.43641
2844 1.43641
2845 1.43641
2846 1.43641
2847 1.43641
2848 1.43641
2849 1.43641
2850 1.43641
2851 1.43641
2852 1.43641
2853 1.43641
2854 1.43641
2855 1.43641
2856 1.43641
2857 1.43641
2858 1.43641
2859 1.43641
2860 1.43641
2861 1.43641
2862 1.43641
2863 1.43641
2864 1.43641
2865 1.43641
2866 1.43641
2867 1.43641
2868 1.43641
2869 1.43641
2870 1.43641
2871 1.43641
2872 1.43641
2873 1.43641
2874 1.43641
2875 1.43641
2876 1.43641
2877 1.43641
2878 1.43641
2879 1.43641
2880 1.43641
2881 1.43641
2882 1.43641
2883 1.43641
2884 1.43641
2885 1.43641
2886 1.43641
2887 1.43641
2888 1.43641
2889 1.43641
2890 1.43641
2891 1.43641
2892 1.43641
2893 1.43641
2894 1.43641
2895 1.43641
2896 1.43641
2897 1.43641
2898 1.43641
2899 1.43641
2900 1.43641
2901 1.43641
2902 1.43641
2903 1.43641
2904 1.43641
2905 1.43641
2906 1.43641
2907 1.43641
2908 1.43641
2909 1.43641
2910 1.43641
2911 1.43641
2912 1.43641
2913 1.43641
2914 1.43641
2915 1.43641
2916 1.43641
2917 1.43641
2918 1.43641
2919 1.43641
2920 1.43641
2921 1.43641
2922 1.43641
2923 1.43641
2924 1.43641
2925 1.43641
2926 1.43641
2927 1.43641
2928 1.43641
2929 1.43641
2930 1.43641
2931 1.43641
2932 1.43641
2933 1.43641
2934 1.43641
2935 1.43641
2936 1.43641
2937 1.43641
2938 1.43641
2939 1.43641
2940 1.43641
2941 1.43641
2942 1.43641
2943 1.43641
2944 1.43641
2945 1.43641
2946 1.43641
2947 1.43641
2948 1.43641
2949 1.43641
2950 1.43641
2951 1.43641
2952 1.43641
2953 1.43641
2954 1.43641
2955 1.43641
2956 1.43641
2957 1.43641
2958 1.43641
2959 1.43641
2960 1.43641
2961 1.43641
2962 1.43641
2963 1.43641
2964 1.43641
2965 1.43641
2966 1.43641
2967 1.43641
2968 1.43641
2969 1.43641
2970 1.43641
2971 1.43641
2972 1.43641
2973 1.43641
2974 1.43641
2975 1.43641
2976 1.43641
2977 1.43641
2978 1.43641
2979 1.43641
2980 1.43641
2981 1.43641
2982 1.43641
2983 1.43641
2984 1.43641
2985 1.43641
2986 1.43641
2987 1.43641
2988 1.43641
2989 1.43641
2990 1.43641
2991 1.43641
2992 1.43641
2993 1.43641
2994 1.43641
2995 1.43641
2996 1.43641
2997 1.43641
2998 1.43641
2999 1.43641
3000 1.43641
3001 1.43641
3002 1.43641
3003 1.43641
3004 1.43641
3005 1.43641
3006 1.43641
3007 1.43641
3008 1.43641
3009 1.43641
3010 1.43641
3011 1.43641
3012 1.43641
3013 1.43641
3014 1.43641
3015 1.43641
3016 1.43641
3017 1.43641
3018 1.43641
3019 1.43641
3020 1.43641
3021 1.43641
3022 1.43641
3023 1.43641
3024 1.43641
3025 1.43641
3026 1.43641
3027 1.43641
3028 1.43641
3029 1.43641
3030 1.43641
3031 1.43641
3032 1.43641
3033 1.43641
3034 1.43641
3035 1.43641
3036 1.43641
3037 1.43641
3038 1.43641
3039 1.43641
3040 1.43641
3041 1.43641
3042 1.43641
3043 1.43641
3044 1.43641
3045 1.43641
3046 1.43641
3047 1.43641
3048 1.43641
3049 1.43641
3050 1.43641
3051 1.43641
3052 1.43641
3053 1.43641
3054 1.43641
3055 1.43641
3056 1.43641
3057 1.43641
3058 1.43641
3059 1.43641
3060 1.43641
3061 1.43641
3062 1.43641
3063 1.43641
3064 1.43641
3065 1.43641
3066 1.43641
3067 1.43641
3068 1.43641
3069 1.43641
3070 1.43641
3071 1.43641
3072 1.43641
3073 1.43641
3074 1.43641
3075 1.43641
3076 1.43641
3077 1.43641
3078 1.43641
3079 1.43641
3080 1.43641
3081 1.43641
3082 1.43641
3083 1.43641
3084 1.43641
3085 1.43641
3086 1.43641
3087 1.43641
3088 1.43641
3089 1.43641
3090 1.43641
3091 1.43641
3092 1.43641
3093 1.43641
3094 1.43641
3095 1.43641
3096 1.43641
3097 1.43641
3098 1.43641
3099 1.43641
3100 1.43641
3101 1.43641
3102 1.43641
3103 1.43641
3104 1.43641
3105 1.43641
3106 1.43641
3107 1.43641
3108 1.43641
3109 1.43641
3110 1.43641
3111 1.43641
3112 1.43641
3113 1.43641
3114 1.43641
3115 1.43641
3116 1.43641
3117 1.43641
3118 1.43641
3119 1.43641
3120 1.43641
3121 1.43641
3122 1.43641
3123 1.43641
3124 1.43641
3125 1.43641
3126 1.43641
3127 1.43641
3128 1.43641
3129 1.43641
3130 1.43641
3131 1.43641
3132 1.43641
3133 1.43641
3134 1.43641
3135 1.43641
3136 1.43641
3137 1.43641
3138 1.43641
3139 1.43641
3140 1.43641
3141 1.43641
3142 1.43641
3143 1.43641
3144 1.43641
3145 1.43641
3146 1.43641
3147 1.43641
3148 1.43641
3149 1.43641
3150 1.43641
3151 1.43641
3152 1.43641
3153 1.43641
3154 1.43641
3155 1.43641
3156 1.43641
3157 1.43641
3158 1.43641
3159 1.43641
3160 1.43641
3161 1.43641
3162 1.43641
3163 1.43641
3164 1.43641
3165 1.43641
3166 1.43641
3167 1.43641
3168 1.43641
3169 1.43641
3170 1.43641
3171 1.43641
3172 1.43641
3173 1.43641
3174 1.43641
3175 1.43641
3176 1.43641
3177 1.43641
3178 1.43641
3179 1.43641
3180 1.43641
3181 1.43641
3182 1.43641
3183 1.43641
3184 1.43641
3185 1.43641
3186 1.43641
3187 1.43641
3188 1.43641
3189 1.43641
3190 1.43641
3191 1.43641
3192 1.43641
3193 1.43641
3194 1.43641
3195 1.43641
3196 1.43641
3197 1.43641
3198 1.43641
3199 1.43641
3200 1.43641
3201 1.43641
3202 1.43641
3203 1.43641
3204 1.43641
3205 1.43641
3206 1.43641
3207 1.43641
3208 1.43641
3209 1.43641
3210 1.43641
3211 1.43641
3212 1.43641
3213 1.43641
3214 1.43641
3215 1.43641
3216 1.43641
3217 1.43641
3218 1.43641
3219 1.43641
3220 1.43641
3221 1.43641
3222 1.43641
3223 1.43641
3224 1.43641
3225 1.43641
3226 1.43641
3227 1.43641
3228 1.43641
3229 1.43641
3230 1.43641
3231 1.43641
3232 1.43641
3233 1.43641
3234 1.43641
3235 1.43641
3236 1.43641
3237 1.43641
3238 1.43641
3239 1.43641
3240 1.43641
3241 1.43641
3242 1.43641
3243 1.43641
3244 1.43641
3245 1.43641
3246 1.43641
3247 1.43641
3248 1.43641
3249 1.43641
3250 1.43641
3251 1.43641
3252 1.43641
3253 1.43641
3254 1.43641
3255 1.43641
3256 1.43641
3257 1.43641
3258 1.43641
3259 1.43641
3260 1.43641
3261 1.43641
3262 1.43641
3263 1.43641
3264 1.43641
3265 1.43641
3266 1.43641
3267 1.43641
3268 1.43641
3269 1.43641
3270 1.43641
3271 1.43641
3272 1.43641
3273 1.43641
3274 1.43641
3275 1.43641
3276 1.43641
3277 1.43641
3278 1.43641
3279 1.43641
3280 1.43641
3281 1.43641
3282 1.43641
3283 1.43641
3284 1.43641
3285 1.43641
3286 1.43641
3287 1.43641
3288 1.43641
3289 1.43641
3290 1.43641
3291 1.43641
3292 1.43641
3293 1.43641
3294 1.43641
3295 1.43641
3296 1.43641
3297 1.43641
3298 1.43641
3299 1.43641
3300 1.43641
3301 1.43641
3302 1.43641
3303 1.43641
3304 1.43641
3305 1.43641
3306 1.43641
3307 1.43641
3308 1.43641
3309 1.43641
3310 1.43641
3311 1.43641
3312 1.43641
3313 1.43641
3314 1.43641
3315 1.43641
3316 1.43641
3317 1.43641
3318 1.43641
3319 1.43641
3320 1.43641
3321 1.43641
3322 1.43641
3323 1.43641
3324 1.43641
3325 1.43641
3326 1.43641
3327 1.43641
3328 1.43641
3329 1.43641
3330 1.43641
3331 1.43641
3332 1.43641
3333 1.43641
3334 1.43641
3335 1.43641
3336 1.43641
3337 1.43641
3338 1.43641
3339 1.43641
3340 1.43641
3341 1.43641
3342 1.43641
3343 1.43641
3344 1.43641
3345 1.43641
3346 1.43641
3347 1.43641
3348 1.43641
3349 1.43641
3350 1.43641
3351 1.43641
3352 1.43641
3353 1.43641
3354 1.43641
3355 1.43641
3356 1.43641
3357 1.43641
3358 1.43641
3359 1.43641
3360 1.43641
3361 1.43641
3362 1.43641
3363 1.43641
3364 1.43641
3365 1.43641
3366 1.43641
3367 1.43641
3368 1.43641
3369 1.43641
3370 1.43641
3371 1.43641
3372 1.43641
3373 1.43641
3374 1.43641
3375 1.43641
3376 1.43641
3377 1.43641
3378 1.43641
3379 1.43641
3380 1.43641
3381 1.43641
3382 1.43641
3383 1.43641
3384 1.43641
3385 1.43641
3386 1.43641
3387 1.43641
3388 1.43641
3389 1.43641
3390 1.43641
3391 1.43641
3392 1.43641
3393 1.43641
3394 1.43641
3395 1.43641
3396 1.43641
3397 1.43641
3398 1.43641
3399 1.43641
3400 1.43641
3401 1.43641
3402 1.43641
3403 1.43641
3404 1.43641
3405 1.43641
3406 1.43641
3407 1.43641
3408 1.43641
3409 1.43641
3410 1.43641
3411 1.43641
3412 1.43641
3413 1.43641
3414 1.43641
3415 1.43641
3416 1.43641
3417 1.43641
3418 1.43641
3419 1.43641
3420 1.43641
3421 1.43641
3422 1.43641
3423 1.43641
3424 1.43641
3425 1.43641
3426 1.43641
3427 1.43641
3428 1.43641
3429 1.43641
3430 1.43641
3431 1.43641
3432 1.43641
3433 1.43641
3434 1.43641
3435 1.43641
3436 1.43641
3437 1.43641
3438 1.43641
3439 1.43641
3440 1.43641
3441 1.43641
3442 1.43641
3443 1.43641
3444 1.43641
3445 1.43641
3446 1.43641
3447 1.43641
3448 1.43641
3449 1.43641
3450 1.43641
3451 1.43641
3452 1.43641
3453 1.43641
3454 1.43641
3455 1.43641
3456 1.43641
3457 1.43641
3458 1.43641
3459 1.43641
3460 1.43641
3461 1.43641
3462 1.43641
3463 1.43641
3464 1.43641
3465 1.43641
3466 1.43641
3467 1.43641
3468 1.43641
3469 1.43641
3470 1.43641
3471 1.43641
3472 1.43641
3473 1.43641
3474 1.43641
3475 1.43641
3476 1.43641
3477 1.43641
3478 1.43641
3479 1.43641
3480 1.43641
3481 1.43641
3482 1.43641
3483 1.43641
3484 1.43641
3485 1.43641
3486 1.43641
3487 1.43641
3488 1.43641
3489 1.43641
3490 1.43641
3491 1.43641
3492 1.43641
3493 1.43641
3494 1.43641
3495 1.43641
3496 1.43641
3497 1.43641
3498 1.43641
3499 1.43641
3500 1.43641
3501 1.43641
3502 1.43641
3503 1.43641
3504 1.43641
3505 1.43641
3506 1.43641
3507 1.43641
3508 1.43641
3509 1.43641
3510 1.43641
3511 1.43641
3512 1.43641
3513 1.43641
3514 1.43641
3515 1.43641
3516 1.43641
3517 1.43641
3518 1.43641
3519 1.43641
3520 1.43641
3521 1.43641
3522 1.43641
3523 1.43641
3524 1.43641
3525 1.43641
3526 1.43641
3527 1.43641
3528 1.43641
3529 1.43641
3530 1.43641
3531 1.43641
3532 1.43641
3533 1.43641
3534 1.43641
3535 1.43641
3536 1.43641
3537 1.43641
3538 1.43641
3539 1.43641
3540 1.43641
3541 1.43641
3542 1.43641
3543 1.43641
3544 1.43641
3545 1.43641
3546 1.43641
3547 1.43641
3548 1.43641
3549 1.43641
3550 1.43641
3551 1.43641
3552 1.43641
3553 1.43641
3554 1.43641
3555 1.43641
3556 1.43641
3557 1.43641
3558 1.43641
3559 1.43641
3560 1.43641
3561 1.43641
3562 1.43641
3563 1.43641
3564 1.43641
3565 1.43641
3566 1.43641
3567 1.43641
3568 1.43641
3569 1.43641
3570 1.43641
3571 1.43641
3572 1.43641
3573 1.43641
3574 1.43641
3575 1.43641
3576 1.43641
3577 1.43641
3578 1.43641
3579 1.43641
3580 1.43641
3581 1.43641
3582 1.43641
3583 1.43641
3584 1.43641
3585 1.43641
3586 1.43641
3587 1.43641
3588 1.43641
3589 1.43641
3590 1.43641
3591 1.43641
3592 1.43641
3593 1.43641
3594 1.43641
3595 1.43641
3596 1.43641
3597 1.43641
3598 1.43641
3599 1.43641
3600 1.43641
3601 1.43641
3602 1.43641
3603 1.43641
3604 1.43641
3605 1.43641
3606 1.43641
3607 1.43641
3608 1.43641
3609 1.43641
3610 1.43641
3611 1.43641
3612 1.43641
3613 1.43641
3614 1.43641
3615 1.43641
3616 1.43641
3617 1.43641
3618 1.43641
3619 1.43641
3620 1.43641
3621 1.43641
3622 1.43641
3623 1.43641
3624 1.43641
3625 1.43641
3626 1.43641
3627 1.43641
3628 1.43641
3629 1.43641
3630 1.43641
3631 1.43641
3632 1.43641
3633 1.43641
3634 1.43641
3635 1.43641
3636 1.43641
3637 1.43641
3638 1.43641
3639 1.43641
3640 1.43641
3641 1.43641
3642 1.43641
3643 1.43641
3644 1.43641
3645 1.43641
3646 1.43641
3647 1.43641
3648 1.43641
3649 1.43641
3650 1.43641
3651 1.43641
3652 1.43641
3653 1.43641
3654 1.43641
3655 1.43641
3656 1.43641
3657 1.43641
3658 1.43641
3659 1.43641
3660 1.43641
3661 1.43641
3662 1.43641
3663 1.43641
3664 1.43641
3665 1.43641
3666 1.43641
3667 1.43641
3668 1.43641
3669 1.43641
3670 1.43641
3671 1.43641
3672 1.43641
3673 1.43641
3674 1.43641
3675 1.43641
3676 1.43641
3677 1.43641
3678 1.43641
3679 1.43641
3680 1.43641
3681 1.43641
3682 1.43641
3683 1.43641
3684 1.43641
3685 1.43641
3686 1.43641
3687 1.43641
3688 1.43641
3689 1.43641
3690 1.43641
3691 1.43641
3692 1.43641
3693 1.43641
3694 1.43641
3695 1.43641
3696 1.43641
3697 1.43641
3698 1.43641
3699 1.43641
3700 1.43641
3701 1.43641
3702 1.43641
3703 1.43641
3704 1.43641
3705 1.43641
3706 1.43641
3707 1.43641
3708 1.43641
3709 1.43641
3710 1.43641
3711 1.43641
3712 1.43641
3713 1.43641
3714 1.43641
3715 1.43641
3716 1.43641
3717 1.43641
3718 1.43641
3719 1.43641
3720 1.43641
3721 1.43641
3722 1.43641
3723 1.43641
3724 1.43641
3725 1.43641
3726 1.43641
3727 1.43641
3728 1.43641
3729 1.43641
3730 1.43641
3731 1.43641
3732 1.43641
3733 1.43641
3734 1.43641
3735 1.43641
3736 1.43641
3737 1.43641
3738 1.43641
3739 1.43641
3740 1.43641
3741 1.43641
3742 1.43641
3743 1.43641
3744 1.43641
3745 1.43641
3746 1.43641
3747 1.43641
3748 1.43641
3749 1.43641
3750 1.43641
3751 1.43641
3752 1.43641
3753 1.43641
3754 1.43641
3755 1.43641
3756 1.43641
3757 1.43641
3758 1.43641
3759 1.43641
3760 1.43641
3761 1.43641
3762 1.43641
3763 1.43641
3764 1.43641
3765 1.43641
3766 1.43641
3767 1.43641
3768 1.43641
3769 1.43641
3770 1.43641
3771 1.43641
3772 1.43641
3773 1.43641
3774 1.43641
3775 1.43641
3776 1.43641
3777 1.43641
3778 1.43641
3779 1.43641
3780 1.43641
3781 1.43641
3782 1.43641
3783 1.43641
3784 1.43641
3785 1.43641
3786 1.43641
3787 1.43641
3788 1.43641
3789 1.43641
3790 1.43641
3791 1.43641
3792 1.43641
3793 1.43641
3794 1.43641
3795 1.43641
3796 1.43641
3797 1.43641
3798 1.43641
3799 1.43641
3800 1.43641
3801 1.43641
3802 1.43641
3803 1.43641
3804 1.43641
3805 1.43641
3806 1.43641
3807 1.43641
3808 1.43641
3809 1.43641
3810 1.43641
3811 1.43641
3812 1.43641
3813 1.43641
3814 1.43641
3815 1.43641
3816 1.43641
3817 1.43641
3818 1.43641
3819 1.43641
3820 1.43641
3821 1.43641
3822 1.43641
3823 1.43641
3824 1.43641
3825 1.43641
3826 1.43641
3827 1.43641
3828 1.43641
3829 1.43641
3830 1.43641
3831 1.43641
3832 1.43641
3833 1.43641
3834 1.43641
3835 1.43641
3836 1.43641
3837 1.43641
3838 1.43641
3839 1.43641
3840 1.43641
3841 1.43641
3842 1.43641
3843 1.43641
3844 1.43641
3845 1.43641
3846 1.43641
3847 1.43641
3848 1.43641
3849 1.43641
3850 1.43641
3851 1.43641
3852 1.43641
3853 1.43641
3854 1.43641
3855 1.43641
3856 1.43641
3857 1.43641
3858 1.43641
3859 1.43641
3860 1.43641
3861 1.43641
3862 1.43641
3863 1.43641
3864 1.43641
3865 1.43641
3866 1.43641
3867 1.43641
3868 1.43641
3869 1.43641
3870 1.43641
3871 1.43641
3872 1.43641
3873 1.43641
3874 1.43641
3875 1.43641
3876 1.43641
3877 1.43641
3878 1.43641
3879 1.43641
3880 1.43641
3881 1.43641
3882 1.43641
3883 1.43641
3884 1.43641
3885 1.43641
3886 1.43641
3887 1.43641
3888 1.43641
3889 1.43641
3890 1.43641
3891 1.43641
3892 1.43641
3893 1.43641
3894 1.43641
3895 1.43641
3896 1.43641
3897 1.43641
3898 1.43641
3899 1.43641
3900 1.43641
3901 1.43641
3902 1.43641
3903 1.43641
3904 1.43641
3905 1.43641
3906 1.43641
3907 1.43641
3908 1.43641
3909 1.43641
3910 1.43641
3911 1.43641
3912 1.43641
3913 1.43641
3914 1.43641
3915 1.43641
3916 1.43641
3917 1.43641
3918 1.43641
3919 1.43641
3920 1.43641
3921 1.43641
3922 1.43641
3923 1.43641
3924 1.43641
3925 1.43641
3926 1.43641
3927 1.43641
3928 1.43641
3929 1.43641
3930 1.43641
3931 1.43641
3932 1.43641
3933 1.43641
3934 1.43641
3935 1.43641
3936 1.43641
3937 1.43641
3938 1.43641
3939 1.43641
3940 1.43641
3941 1.43641
3942 1.43641
3943 1.43641
3944 1.43641
3945 1.43641
3946 1.43641
3947 1.43641
3948 1.43641
3949 1.43641
3950 1.43641
3951 1.43641
3952 1.43641
3953 1.43641
3954 1.43641
3955 1.43641
3956 1.43641
3957 1.43641
3958 1.43641
3959 1.43641
3960 1.43641
3961 1.43641
3962 1.43641
3963 1.43641
3964 1.43641
3965 1.43641
3966 1.43641
3967 1.43641
3968 1.43641
3969 1.43641
3970 1.43641
3971 1.43641
3972 1.43641
3973 1.43641
3974 1.43641
3975 1.43641
3976 1.43641
3977 1.43641
3978 1.43641
3979 1.43641
3980 1.43641
3981 1.43641
3982 1.43641
3983 1.43641
3984 1.43641
3985 1.43641
3986 1.43641
3987 1.43641
3988 1.43641
3989 1.43641
3990 1.43641
3991 1.43641
3992 1.43641
3993 1.43641
3994 1.43641
3995 1.43641
3996 1.43641
3997 1.43641
3998 1.43641
3999 1.43641
4000 1.43641
