0 0.19199
1 0.19199
2 0.19199
3 0.19199
4 0.19199
5 0.19199
6 0.19373
7 0.19373
8 0.19548
9 0.19722
10 0.19897
11 0.20071
12 0.20246
13 0.20595
14 0.20769
15 0.21118
16 0.21293
17 0.21642
18 0.21991
19 0.22340
20 0.22689
21 0.23038
22 0.23387
23 0.23736
24 0.24086
25 0.24609
26 0.24958
27 0.25482
28 0.25831
29 0.26354
30 0.26704
31 0.27227
32 0.27751
33 0.28274
34 0.28623
35 0.29147
36 0.29671
37 0.30194
38 0.30718
39 0.31241
40 0.31765
41 0.32289
42 0.32987
43 0.33510
44 0.34034
45 0.34558
46 0.35256
47 0.35779
48 0.36303
49 0.37001
50 0.37525
51 0.38223
52 0.38746
53 0.39444
54 0.39968
55 0.40666
56 0.41190
57 0.41888
58 0.42412
59 0.43110
60 0.43633
61 0.44331
62 0.45029
63 0.45553
64 0.46251
65 0.46949
66 0.47473
67 0.48171
68 0.48869
69 0.49567
70 0.50091
71 0.50789
72 0.51487
73 0.52185
74 0.52883
75 0.53407
76 0.54105
77 0.54803
78 0.55501
79 0.56200
80 0.56898
81 0.57421
82 0.58119
83 0.58818
84 0.59516
85 0.60214
86 0.60912
87 0.61610
88 0.62308
89 0.63006
90 0.63530
91 0.64228
92 0.64926
93 0.65624
94 0.66323
95 0.67021
96 0.67719
97 0.68417
98 0.69115
99 0.69813
100 0.70511
101 0.71209
102 0.71908
103 0.72606
104 0.73304
105 0.74002
106 0.74700
107 0.75398
108 0.76096
109 0.76794
110 0.77493
111 0.78191
112 0.78889
113 0.79587
114 0.80285
115 0.80983
116 0.81681
117 0.82380
118 0.82903
119 0.83601
120 0.84299
121 0.84998
122 0.85696
123 0.86394
124 0.87092
125 0.87790
126 0.88488
127 0.89186
128 0.89710
129 0.90408
130 0.91106
131 0.91804
132 0.92502
133 0.93201
134 0.93899
135 0.94597
136 0.95295
137 0.95993
138 0.96691
139 0.97389
140 0.98088
141 0.98786
142 0.99484
143 1.00182
144 1.00880
145 1.01578
146 1.02276
147 1.02974
148 1.03673
149 1.04371
150 1.05069
151 1.05767
152 1.06465
153 1.07163
154 1.07861
155 1.08559
156 1.09258
157 1.09956
158 1.10654
159 1.11352
160 1.12050
161 1.12748
162 1.13446
163 1.14145
164 1.14843
165 1.15541
166 1.16239
167 1.16937
168 1.17635
169 1.18333
170 1.19031
171 1.19730
172 1.20428
173 1.21126
174 1.21824
175 1.22522
176 1.23220
177 1.23918
178 1.24617
179 1.25315
180 1.26013
181 1.26711
182 1.27409
183 1.28107
184 1.28805
185 1.29503
186 1.30202
187 1.30900
188 1.31598
189 1.32470
190 1.32994
191 1.33867
192 1.34565
193 1.35263
194 1.35961
195 1.36659
196 1.37357
197 1.38056
198 1.38754
199 1.39452
200 1.40150
201 1.40848
202 1.41546
203 1.42244
204 1.42942
205 1.43641
206 1.44339
207 1.45037
208 1.45735
209 1.46433
210 1.47131
211 1.47829
212 1.48528
213 1.49400
214 1.49924
215 1.50796
216 1.51495
217 1.52193
218 1.52891
219 1.53589
220 1.54287
221 1.54985
222 1.55683
223 1.56381
224 1.57080
225 1.57778
226 1.58476
227 1.58999
228 1.59698
229 1.60221
230 1.60919
231 1.61268
232 1.61792
233 1.62316
234 1.62665
235 1.63014
236 1.63363
237 1.63712
238 1.63886
239 1.64235
240 1.64410
241 1.64585
242 1.64759
243 1.64759
244 1.64934
245 1.64934
246 1.64934
247 1.64934
248 1.64934
249 1.64759
250 1.64585
251 1.64585
252 1.64410
253 1.64235
254 1.64061
255 1.63886
256 1.63537
257 1.63363
258 1.63014
259 1.62665
260 1.62490
261 1.62141
262 1.61792
263 1.61443
264 1.61094
265 1.60570
266 1.60221
267 1.59872
268 1.59349
269 1.58999
270 1.58476
271 1.58127
272 1.57603
273 1.57254
274 1.56731
275 1.56381
276 1.55858
277 1.55509
278 1.55160
279 1.54811
280 1.54462
281 1.54113
282 1.53938
283 1.53589
284 1.53414
285 1.53240
286 1.53065
287 1.53065
288 1.52891
289 1.52891
290 1.52891
291 1.52891
292 1.52891
293 1.52891
294 1.53065
295 1.53065
296 1.53240
297 1.53414
298 1.53589
299 1.53764
300 1.53938
301 1.54113
302 1.54287
303 1.54636
304 1.54985
305 1.55160
306 1.55509
307 1.55858
308 1.56207
309 1.56381
310 1.56731
311 1.57080
312 1.57429
313 1.57778
314 1.57952
315 1.58301
316 1.58650
317 1.58825
318 1.58999
319 1.59349
320 1.59523
321 1.59523
322 1.59698
323 1.59698
324 1.59872
325 1.59872
326 1.59698
327 1.59698
328 1.59698
329 1.59523
330 1.59349
331 1.59174
332 1.58999
333 1.58825
334 1.58476
335 1.58301
336 1.58127
337 1.57778
338 1.57603
339 1.57254
340 1.57080
341 1.56731
342 1.56556
343 1.56207
344 1.56032
345 1.55858
346 1.55683
347 1.55509
348 1.55334
349 1.55160
350 1.55160
351 1.54985
352 1.54985
353 1.54985
354 1.54985
355 1.54985
356 1.54985
357 1.55160
358 1.55160
359 1.55334
360 1.55509
361 1.55683
362 1.55858
363 1.56032
364 1.56207
365 1.56381
366 1.56556
367 1.56731
368 1.57080
369 1.57254
370 1.57429
371 1.57603
372 1.57778
373 1.57952
374 1.58127
375 1.58301
376 1.58301
377 1.58476
378 1.58650
379 1.58650
380 1.58650
381 1.58825
382 1.58825
383 1.58825
384 1.58825
385 1.58825
386 1.58650
387 1.58650
388 1.58476
389 1.58476
390 1.58301
391 1.58127
392 1.58127
393 1.57952
394 1.57778
395 1.57603
396 1.57429
397 1.57254
398 1.57080
399 1.56905
400 1.56731
401 1.56556
402 1.56556
403 1.56381
404 1.56207
405 1.56207
406 1.56032
407 1.56032
408 1.55858
409 1.55858
410 1.55683
411 1.55683
412 1.55683
413 1.55683
414 1.55683
415 1.55683
416 1.55858
417 1.55858
418 1.56032
419 1.56032
420 1.56207
421 1.56207
422 1.56381
423 1.56381
424 1.56556
425 1.56731
426 1.56731
427 1.56905
428 1.57080
429 1.57080
430 1.57254
431 1.57429
432 1.57429
433 1.57603
434 1.57603
435 1.57778
436 1.57778
437 1.57952
438 1.57952
439 1.57952
440 1.57952
441 1.58127
442 1.58127
443 1.58127
444 1.57952
445 1.57952
446 1.57952
447 1.57952
448 1.57778
449 1.57778
450 1.57603
451 1.57603
452 1.57429
453 1.57429
454 1.57254
455 1.57080
456 1.57080
457 1.56905
458 1.56905
459 1.56731
460 1.56731
461 1.56731
462 1.56556
463 1.56556
464 1.56556
465 1.56381
466 1.56381
467 1.56381
468 1.56381
469 1.56381
470 1.56381
471 1.56381
472 1.56381
473 1.56381
474 1.56556
475 1.56556
476 1.56556
477 1.56556
478 1.56731
479 1.56731
480 1.56905
481 1.56905
482 1.56905
483 1.57080
484 1.57080
485 1.57080
486 1.57254
487 1.57254
488 1.57429
489 1.57429
490 1.57429
491 1.57429
492 1.57603
493 1.57603
494 1.57603
495 1.57603
496 1.57603
497 1.57603
498 1.57603
499 1.57603
500 1.57603
501 1.57603
502 1.57603
503 1.57603
504 1.57603
505 1.57429
506 1.57429
507 1.57429
508 1.57429
509 1.57254
510 1.57254
511 1.57254
512 1.57080
513 1.57080
514 1.57080
515 1.57080
516 1.56905
517 1.56905
518 1.56905
519 1.56905
520 1.56905
521 1.56905
522 1.56731
523 1.56731
524 1.56731
525 1.56731
526 1.56731
527 1.56731
528 1.56731
529 1.56731
530 1.56731
531 1.56731
532 1.56731
533 1.56905
534 1.56905
535 1.56905
536 1.56905
537 1.56905
538 1.57080
539 1.57080
540 1.57080
541 1.57080
542 1.57080
543 1.57254
544 1.57254
545 1.57254
546 1.57254
547 1.57254
548 1.57254
549 1.57254
550 1.57429
551 1.57429
552 1.57429
553 1.57429
554 1.57429
555 1.57429
556 1.57429
557 1.57429
558 1.57429
559 1.57429
560 1.57429
561 1.57429
562 1.57429
563 1.57429
564 1.57254
565 1.57254
566 1.57254
567 1.57254
568 1.57254
569 1.57254
570 1.57254
571 1.57254
572 1.57080
573 1.57080
574 1.57080
575 1.57080
576 1.57080
577 1.57080
578 1.57080
579 1.57080
580 1.57080
581 1.57080
582 1.57080
583 1.57080
584 1.57080
585 1.56905
586 1.56905
587 1.56905
588 1.56905
589 1.56905
590 1.56905
591 1.56905
592 1.57080
593 1.57080
594 1.57080
595 1.57080
596 1.57080
597 1.57080
598 1.57080
599 1.57080
600 1.57080
601 1.57080
602 1.57080
603 1.57080
604 1.57080
605 1.57080
606 1.57254
607 1.57254
608 1.57254
609 1.57254
610 1.57254
611 1.57254
612 1.57254
613 1.57254
614 1.57254
615 1.57254
616 1.57254
617 1.57254
618 1.57254
619 1.57254
620 1.57254
621 1.57254
622 1.57254
623 1.57254
624 1.57254
625 1.57254
626 1.57254
627 1.57254
628 1.57254
629 1.57254
630 1.57254
631 1.57254
632 1.57254
633 1.57254
634 1.57254
635 1.57254
636 1.57254
637 1.57080
638 1.57080
639 1.57080
640 1.57080
641 1.57080
642 1.57080
643 1.57080
644 1.57080
645 1.57080
646 1.57080
647 1.57080
648 1.57080
649 1.57080
650 1.57080
651 1.57080
652 1.57080
653 1.57080
654 1.57080
655 1.57080
656 1.57080
657 1.57080
658 1.57080
659 1.57080
660 1.57080
661 1.57080
662 1.57080
663 1.57254
664 1.57254
665 1.57254
666 1.57254
667 1.57254
668 1.57254
669 1.57254
670 1.57254
671 1.57254
672 1.57254
673 1.57254
674 1.57254
675 1.57254
676 1.57254
677 1.57254
678 1.57254
679 1.57254
680 1.57254
681 1.57254
682 1.57254
683 1.57254
684 1.57254
685 1.57080
686 1.57080
687 1.57080
688 1.57080
689 1.57080
690 1.57080
691 1.57080
692 1.57080
693 1.57080
694 1.57080
695 1.57080
696 1.57080
697 1.57080
698 1.57080
699 1.57080
700 1.57080
701 1.57080
702 1.57080
703 1.57080
704 1.57080
705 1.57080
706 1.57080
707 1.57254
708 1.57254
709 1.57254
710 1.57254
711 1.57254
712 1.57254
713 1.57254
714 1.57254
715 1.57254
716 1.57254
717 1.57254
718 1.57254
719 1.57254
720 1.57254
721 1.57254
722 1.57254
723 1.57254
724 1.57254
725 1.57254
726 1.57254
727 1.57080
728 1.57080
729 1.57080
730 1.57080
731 1.57080
732 1.57080
733 1.57080
734 1.57080
735 1.57080
736 1.57080
737 1.57080
738 1.57080
739 1.57080
740 1.57080
741 1.57080
742 1.57080
743 1.57080
744 1.57080
745 1.57080
746 1.57080
747 1.57080
748 1.57254
749 1.57254
750 1.57254
751 1.57254
752 1.57254
753 1.57254
754 1.57254
755 1.57254
756 1.57254
757 1.57254
758 1.57254
759 1.57254
760 1.57254
761 1.57254
762 1.57254
763 1.57254
764 1.57254
765 1.57254
766 1.57254
767 1.57254
768 1.57254
769 1.57080
770 1.57080
771 1.57080
772 1.57080
773 1.57080
774 1.57080
775 1.57080
776 1.57080
777 1.57080
778 1.57080
779 1.57080
780 1.57080
781 1.57080
782 1.57080
783 1.57080
784 1.57080
785 1.57080
786 1.57080
787 1.57080
788 1.57080
789 1.57080
790 1.57254
791 1.57254
792 1.57254
793 1.57254
794 1.57254
795 1.57254
796 1.57254
797 1.57254
798 1.57254
799 1.57254
800 1.57254
801 1.57254
802 1.57254
803 1.57254
804 1.57254
805 1.57254
806 1.57254
807 1.57254
808 1.57254
809 1.57254
810 1.57080
811 1.57080
812 1.57080
813 1.57080
814 1.57080
815 1.57080
816 1.57080
817 1.57080
818 1.57080
819 1.57080
820 1.57080
821 1.57080
822 1.57080
823 1.57080
824 1.57080
825 1.57080
826 1.57080
827 1.57080
828 1.57080
829 1.57080
830 1.57080
831 1.57254
832 1.57254
833 1.57254
834 1.57254
835 1.57254
836 1.57254
837 1.57254
838 1.57254
839 1.57254
840 1.57254
841 1.57254
842 1.57254
843 1.57254
844 1.57254
845 1.57254
846 1.57254
847 1.57254
848 1.57254
849 1.57254
850 1.57254
851 1.57254
852 1.57080
853 1.57080
854 1.57080
855 1.57080
856 1.57080
857 1.57080
858 1.57080
859 1.57080
860 1.57080
861 1.57080
862 1.57080
863 1.57080
864 1.57080
865 1.57080
866 1.57080
867 1.57080
868 1.57080
869 1.57080
870 1.57080
871 1.57080
872 1.57080
873 1.57254
874 1.57254
875 1.57254
876 1.57254
877 1.57254
878 1.57254
879 1.57254
880 1.57254
881 1.57254
882 1.57254
883 1.57254
884 1.57254
885 1.57254
886 1.57254
887 1.57254
888 1.57254
889 1.57254
890 1.57254
891 1.57254
892 1.57254
893 1.57080
894 1.57080
895 1.57080
896 1.57080
897 1.57080
898 1.57080
899 1.57080
900 1.57080
901 1.57080
902 1.57080
903 1.57080
904 1.57080
905 1.57080
906 1.57080
907 1.57080
908 1.57080
909 1.57080
910 1.57080
911 1.57080
912 1.57254
913 1.57254
914 1.57254
915 1.57254
916 1.57254
917 1.57254
918 1.57254
919 1.57254
920 1.57254
921 1.57254
922 1.57254
923 1.57254
924 1.57254
925 1.57254
926 1.57254
927 1.57254
928 1.57254
929 1.57254
930 1.57254
931 1.57080
932 1.57080
933 1.57080
934 1.57080
935 1.57080
936 1.57080
937 1.57080
938 1.57080
939 1.57080
940 1.57080
941 1.57080
942 1.57080
943 1.57080
944 1.57080
945 1.57080
946 1.57080
947 1.57080
948 1.57080
949 1.57080
950 1.57254
951 1.57254
952 1.57254
953 1.57254
954 1.57254
955 1.57254
956 1.57254
957 1.57254
958 1.57254
959 1.57254
960 1.57254
961 1.57254
962 1.57254
963 1.57254
964 1.57254
965 1.57254
966 1.57254
967 1.57254
968 1.57254
969 1.57254
970 1.57080
971 1.57080
972 1.57080
973 1.57080
974 1.57080
975 1.57080
976 1.57080
977 1.57080
978 1.57080
979 1.57080
980 1.57080
981 1.57080
982 1.57080
983 1.57080
984 1.57080
985 1.57080
986 1.57080
987 1.57080
988 1.57080
989 1.57080
990 1.57254
991 1.57254
992 1.57254
993 1.57254
994 1.57254
995 1.57254
996 1.57254
997 1.57254
998 1.57254
999 1.57254
1000 1.57254
1001 1.57254
1002 1.57254
1003 1.57254
1004 1.57254
1005 1.57254
1006 1.57254
1007 1.57254
1008 1.57254
1009 1.57254
1010 1.57080
1011 1.57080
1012 1.57080
1013 1.57080
1014 1.57080
1015 1.57080
1016 1.57080
1017 1.57080
1018 1.57080
1019 1.57080
1020 1.57080
1021 1.57080
1022 1.57080
1023 1.57080
1024 1.57080
1025 1.57080
1026 1.57080
1027 1.57080
1028 1.57080
1029 1.57080
1030 1.57254
1031 1.57254
1032 1.57254
1033 1.57254
1034 1.57254
1035 1.57254
1036 1.57254
1037 1.57254
1038 1.57254
1039 1.57254
1040 1.57254
1041 1.57254
1042 1.57254
1043 1.57254
1044 1.57254
1045 1.57254
1046 1.57254
1047 1.57254
1048 1.57254
1049 1.57254
1050 1.57080
1051 1.57080
1052 1.57080
1053 1.57080
1054 1.57080
1055 1.57080
1056 1.57080
1057 1.57080
1058 1.57080
1059 1.57080
1060 1.57080
1061 1.57080
1062 1.57080
1063 1.57080
1064 1.57080
1065 1.57080
1066 1.57080
1067 1.57080
1068 1.57080
1069 1.57080
1070 1.57254
1071 1.57254
1072 1.57254
1073 1.57254
1074 1.57254
1075 1.57254
1076 1.57254
1077 1.57254
1078 1.57254
1079 1.57254
1080 1.57254
1081 1.57254
1082 1.57254
1083 1.57254
1084 1.57254
1085 1.57254
1086 1.57254
1087 1.57254
1088 1.57254
1089 1.57254
1090 1.57080
1091 1.57080
1092 1.57080
1093 1.57080
1094 1.57080
1095 1.57080
1096 1.57080
1097 1.57080
1098 1.57080
1099 1.57080
1100 1.57080
1101 1.57080
1102 1.57080
1103 1.57080
1104 1.57080
1105 1.57080
1106 1.57080
1107 1.57080
1108 1.57080
1109 1.57080
1110 1.57254
1111 1.57254
1112 1.57254
1113 1.57254
1114 1.57254
1115 1.57254
1116 1.57254
1117 1.57254
1118 1.57254
1119 1.57254
1120 1.57254
1121 1.57254
1122 1.57254
1123 1.57254
1124 1.57254
1125 1.57254
1126 1.57254
1127 1.57254
1128 1.57254
1129 1.57254
1130 1.57080
1131 1.57080
1132 1.57080
1133 1.57080
1134 1.57080
1135 1.57080
1136 1.57080
1137 1.57080
1138 1.57080
1139 1.57080
1140 1.57080
1141 1.57080
1142 1.57080
1143 1.57080
1144 1.57080
1145 1.57080
1146 1.57080
1147 1.57080
1148 1.57080
1149 1.57080
1150 1.57254
1151 1.57254
1152 1.57254
1153 1.57254
1154 1.57254
1155 1.57254
1156 1.57254
1157 1.57254
1158 1.57254
1159 1.57254
1160 1.57254
1161 1.57254
1162 1.57254
1163 1.57254
1164 1.57254
1165 1.57254
1166 1.57254
1167 1.57254
1168 1.57254
1169 1.57254
1170 1.57254
1171 1.57080
1172 1.57080
1173 1.57080
1174 1.57080
1175 1.57080
1176 1.57080
1177 1.57080
1178 1.57080
1179 1.57080
1180 1.57080
1181 1.57080
1182 1.57080
1183 1.57080
1184 1.57080
1185 1.57080
1186 1.57080
1187 1.57080
1188 1.57080
1189 1.57080
1190 1.57080
1191 1.57080
1192 1.57254
1193 1.57254
1194 1.57254
1195 1.57254
1196 1.57254
1197 1.57254
1198 1.57254
1199 1.57254
1200 1.57254
1201 1.57254
1202 1.57254
1203 1.57254
1204 1.57254
1205 1.57254
1206 1.57254
1207 1.57254
1208 1.57254
1209 1.57254
1210 1.57254
1211 1.57254
1212 1.57254
1213 1.57080
1214 1.57080
1215 1.57080
1216 1.57080
1217 1.57080
1218 1.57080
1219 1.57080
1220 1.57080
1221 1.57080
1222 1.57080
1223 1.57080
1224 1.57080
1225 1.57080
1226 1.57080
1227 1.57080
1228 1.57080
1229 1.57080
1230 1.57080
1231 1.57080
1232 1.57080
1233 1.57254
1234 1.57254
1235 1.57254
1236 1.57254
1237 1.57254
1238 1.57254
1239 1.57254
1240 1.57254
1241 1.57254
1242 1.57254
1243 1.57254
1244 1.57254
1245 1.57254
1246 1.57254
1247 1.57254
1248 1.57254
1249 1.57254
1250 1.57254
1251 1.57254
1252 1.57254
1253 1.57080
1254 1.57080
1255 1.57080
1256 1.57080
1257 1.57080
1258 1.57080
1259 1.57080
1260 1.57080
1261 1.57080
1262 1.57080
1263 1.57080
1264 1.57080
1265 1.57080
1266 1.57080
1267 1.57080
1268 1.57080
1269 1.57080
1270 1.57080
1271 1.57080
1272 1.57080
1273 1.57254
1274 1.57254
1275 1.57254
1276 1.57254
1277 1.57254
1278 1.57254
1279 1.57254
1280 1.57254
1281 1.57254
1282 1.57254
1283 1.57254
1284 1.57254
1285 1.57254
1286 1.57254
1287 1.57254
1288 1.57254
1289 1.57254
1290 1.57254
1291 1.57254
1292 1.57254
1293 1.57080
1294 1.57080
1295 1.57080
1296 1.57080
1297 1.57080
1298 1.57080
1299 1.57080
1300 1.57080
1301 1.57080
1302 1.57080
1303 1.57080
1304 1.57080
1305 1.57080
1306 1.57080
1307 1.57080
1308 1.57080
1309 1.57080
1310 1.57080
1311 1.57080
1312 1.57080
1313 1.57254
1314 1.57254
1315 1.57254
1316 1.57254
1317 1.57254
1318 1.57254
1319 1.57254
1320 1.57254
1321 1.57254
1322 1.57254
1323 1.57254
1324 1.57254
1325 1.57254
1326 1.57254
1327 1.57254
1328 1.57254
1329 1.57254
1330 1.57254
1331 1.57254
1332 1.57254
1333 1.57080
1334 1.57080
1335 1.57080
1336 1.57080
1337 1.57080
1338 1.57080
1339 1.57080
1340 1.57080
1341 1.57080
1342 1.57080
1343 1.57080
1344 1.57080
1345 1.57080
1346 1.57080
1347 1.57080
1348 1.57080
1349 1.57080
1350 1.57080
1351 1.57080
1352 1.57080
1353 1.57254
1354 1.57254
1355 1.57254
1356 1.57254
1357 1.57254
1358 1.57254
1359 1.57254
1360 1.57254
1361 1.57254
1362 1.57254
1363 1.57254
1364 1.57254
1365 1.57254
1366 1.57254
1367 1.57254
1368 1.57254
1369 1.57254
1370 1.57254
1371 1.57254
1372 1.57254
1373 1.57080
1374 1.57080
1375 1.57080
1376 1.57080
1377 1.57080
1378 1.57080
1379 1.57080
1380 1.57080
1381 1.57080
1382 1.57080
1383 1.57080
1384 1.57080
1385 1.57080
1386 1.57080
1387 1.57080
1388 1.57080
1389 1.57080
1390 1.57080
1391 1.57080
1392 1.57080
1393 1.57254
1394 1.57254
1395 1.57254
1396 1.57254
1397 1.57254
1398 1.57254
1399 1.57254
1400 1.57254
1401 1.57254
1402 1.57254
1403 1.57254
1404 1.57254
1405 1.57254
1406 1.57254
1407 1.57254
1408 1.57254
1409 1.57254
1410 1.57254
1411 1.57254
1412 1.57254
1413 1.57080
1414 1.57080
1415 1.57080
1416 1.57080
1417 1.57080
1418 1.57080
1419 1.57080
1420 1.57080
1421 1.57080
1422 1.57080
1423 1.57080
1424 1.57080
1425 1.57080
1426 1.57080
1427 1.57080
1428 1.57080
1429 1.57080
1430 1.57080
1431 1.57080
1432 1.57080
1433 1.57254
1434 1.57254
1435 1.57254
1436 1.57254
1437 1.57254
1438 1.57254
1439 1.57254
1440 1.57254
1441 1.57254
1442 1.57254
1443 1.57254
1444 1.57254
1445 1.57254
1446 1.57254
1447 1.57254
1448 1.57254
1449 1.57254
1450 1.57254
1451 1.57254
1452 1.57254
1453 1.57080
1454 1.57080
1455 1.57080
1456 1.57080
1457 1.57080
1458 1.57080
1459 1.57080
1460 1.57080
1461 1.57080
1462 1.57080
1463 1.57080
1464 1.57080
1465 1.57080
1466 1.57080
1467 1.57080
1468 1.57080
1469 1.57080
1470 1.57080
1471 1.57080
1472 1.57080
1473 1.57254
1474 1.57254
1475 1.57254
1476 1.57254
1477 1.57254
1478 1.57254
1479 1.57254
1480 1.57254
1481 1.57254
1482 1.57254
1483 1.57254
1484 1.57254
1485 1.57254
1486 1.57254
1487 1.57254
1488 1.57254
1489 1.57254
1490 1.57254
1491 1.57254
1492 1.57254
1493 1.57254
1494 1.57080
1495 1.57080
1496 1.57080
1497 1.57080
1498 1.57080
1499 1.57080
1500 1.57080
1501 1.57080
1502 1.57080
1503 1.57080
1504 1.57080
1505 1.57080
1506 1.57080
1507 1.57080
1508 1.57080
1509 1.57080
1510 1.57080
1511 1.57080
1512 1.57080
1513 1.57080
1514 1.57080
1515 1.57080
1516 1.57254
1517 1.57254
1518 1.57254
1519 1.57254
1520 1.57254
1521 1.57254
1522 1.57254
1523 1.57254
1524 1.57254
1525 1.57254
1526 1.57254
1527 1.57254
1528 1.57254
1529 1.57254
1530 1.57254
1531 1.57254
1532 1.57254
1533 1.57254
1534 1.57254
1535 1.57254
1536 1.57254
1537 1.57254
1538 1.57080
1539 1.57080
1540 1.57080
1541 1.57080
1542 1.57080
1543 1.57080
1544 1.57080
1545 1.57080
1546 1.57080
1547 1.57080
1548 1.57080
1549 1.57080
1550 1.57080
1551 1.57080
1552 1.57080
1553 1.57080
1554 1.57080
1555 1.57080
1556 1.57080
1557 1.57080
1558 1.57080
1559 1.57254
1560 1.57254
1561 1.57254
1562 1.57254
1563 1.57254
1564 1.57254
1565 1.57254
1566 1.57254
1567 1.57254
1568 1.57254
1569 1.57254
1570 1.57254
1571 1.57254
1572 1.57254
1573 1.57254
1574 1.57254
1575 1.57254
1576 1.57254
1577 1.57254
1578 1.57254
1579 1.57254
1580 1.57080
1581 1.57080
1582 1.57080
1583 1.57080
1584 1.57080
1585 1.57080
1586 1.57080
1587 1.57080
1588 1.57080
1589 1.57080
1590 1.57080
1591 1.57080
1592 1.57080
1593 1.57080
1594 1.57080
1595 1.57080
1596 1.57080
1597 1.57080
1598 1.57080
1599 1.57080
1600 1.57254
1601 1.57254
1602 1.57254
1603 1.57254
1604 1.57254
1605 1.57254
1606 1.57254
1607 1.57254
1608 1.57254
1609 1.57254
1610 1.57254
1611 1.57254
1612 1.57254
1613 1.57254
1614 1.57254
1615 1.57254
1616 1.57254
1617 1.57254
1618 1.57254
1619 1.57254
1620 1.57080
1621 1.57080
1622 1.57080
1623 1.57080
1624 1.57080
1625 1.57080
1626 1.57080
1627 1.57080
1628 1.57080
1629 1.57080
1630 1.57080
1631 1.57080
1632 1.57080
1633 1.57080
1634 1.57080
1635 1.57080
1636 1.57080
1637 1.57080
1638 1.57080
1639 1.57080
1640 1.57254
1641 1.57254
1642 1.57254
1643 1.57254
1644 1.57254
1645 1.57254
1646 1.57254
1647 1.57254
1648 1.57254
1649 1.57254
1650 1.57254
1651 1.57254
1652 1.57254
1653 1.57254
1654 1.57254
1655 1.57254
1656 1.57254
1657 1.57254
1658 1.57254
1659 1.57254
1660 1.57080
1661 1.57080
1662 1.57080
1663 1.57080
1664 1.57080
1665 1.57080
1666 1.57080
1667 1.57080
1668 1.57080
1669 1.57080
1670 1.57080
1671 1.57080
1672 1.57080
1673 1.57080
1674 1.57080
1675 1.57080
1676 1.57080
1677 1.57080
1678 1.57080
1679 1.57080
1680 1.57254
1681 1.57254
1682 1.57254
1683 1.57254
1684 1.57254
1685 1.57254
1686 1.57254
1687 1.57254
1688 1.57254
1689 1.57254
1690 1.57254
1691 1.57254
1692 1.57254
1693 1.57254
1694 1.57254
1695 1.57254
1696 1.57254
1697 1.57254
1698 1.57254
1699 1.57254
1700 1.57080
1701 1.57080
1702 1.57080
1703 1.57080
1704 1.57080
1705 1.57080
1706 1.57080
1707 1.57080
1708 1.57080
1709 1.57080
1710 1.57080
1711 1.57080
1712 1.57080
1713 1.57080
1714 1.57080
1715 1.57080
1716 1.57080
1717 1.57080
1718 1.57080
1719 1.57080
1720 1.57254
1721 1.57254
1722 1.57254
1723 1.57254
1724 1.57254
1725 1.57254
1726 1.57254
1727 1.57254
1728 1.57254
1729 1.57254
1730 1.57254
1731 1.57254
1732 1.57254
1733 1.57254
1734 1.57254
1735 1.57254
1736 1.57254
1737 1.57254
1738 1.57254
1739 1.57254
1740 1.57080
1741 1.57080
1742 1.57080
1743 1.57080
1744 1.57080
1745 1.57080
1746 1.57080
1747 1.57080
1748 1.57080
1749 1.57080
1750 1.57080
1751 1.57080
1752 1.57080
1753 1.57080
1754 1.57080
1755 1.57080
1756 1.57080
1757 1.57080
1758 1.57080
1759 1.57080
1760 1.57254
1761 1.57254
1762 1.57254
1763 1.57254
1764 1.57254
1765 1.57254
1766 1.57254
1767 1.57254
1768 1.57254
1769 1.57254
1770 1.57254
1771 1.57254
1772 1.57254
1773 1.57254
1774 1.57254
1775 1.57254
1776 1.57254
1777 1.57254
1778 1.57254
1779 1.57254
1780 1.57254
1781 1.57080
1782 1.57080
1783 1.57080
1784 1.57080
1785 1.57080
1786 1.57080
1787 1.57080
1788 1.57080
1789 1.57080
1790 1.57080
1791 1.57080
1792 1.57080
1793 1.57080
1794 1.57080
1795 1.57080
1796 1.57080
1797 1.57080
1798 1.57080
1799 1.57080
1800 1.57080
1801 1.57080
1802 1.57080
1803 1.57254
1804 1.57254
1805 1.57254
1806 1.57254
1807 1.57254
1808 1.57254
1809 1.57254
1810 1.57254
1811 1.57254
1812 1.57254
1813 1.57254
1814 1.57254
1815 1.57254
1816 1.57254
1817 1.57254
1818 1.57254
1819 1.57254
1820 1.57254
1821 1.57254
1822 1.57254
1823 1.57254
1824 1.57254
1825 1.57080
1826 1.57080
1827 1.57080
1828 1.57080
1829 1.57080
1830 1.57080
1831 1.57080
1832 1.57080
1833 1.57080
1834 1.57080
1835 1.57080
1836 1.57080
1837 1.57080
1838 1.57080
1839 1.57080
1840 1.57080
1841 1.57080
1842 1.57080
1843 1.57080
1844 1.57080
1845 1.57080
1846 1.57254
1847 1.57254
1848 1.57254
1849 1.57254
1850 1.57254
1851 1.57254
1852 1.57254
1853 1.57254
1854 1.57254
1855 1.57254
1856 1.57254
1857 1.57254
1858 1.57254
1859 1.57254
1860 1.57254
1861 1.57254
1862 1.57254
1863 1.57254
1864 1.57254
1865 1.57254
1866 1.57254
1867 1.57080
1868 1.57080
1869 1.57080
1870 1.57080
1871 1.57080
1872 1.57080
1873 1.57080
1874 1.57080
1875 1.57080
1876 1.57080
1877 1.57080
1878 1.57080
1879 1.57080
1880 1.57080
1881 1.57080
1882 1.57080
1883 1.57080
1884 1.57080
1885 1.57080
1886 1.57080
1887 1.57080
1888 1.57254
1889 1.57254
1890 1.57254
1891 1.57254
1892 1.57254
1893 1.57254
1894 1.57254
1895 1.57254
1896 1.57254
1897 1.57254
1898 1.57254
1899 1.57254
1900 1.57254
1901 1.57254
1902 1.57254
1903 1.57254
1904 1.57254
1905 1.57254
1906 1.57254
1907 1.57254
1908 1.57254
1909 1.57080
1910 1.57080
1911 1.57080
1912 1.57080
1913 1.57080
1914 1.57080
1915 1.57080
1916 1.57080
1917 1.57080
1918 1.57080
1919 1.57080
1920 1.57080
1921 1.57080
1922 1.57080
1923 1.57080
1924 1.57080
1925 1.57080
1926 1.57080
1927 1.57080
1928 1.57080
1929 1.57080
1930 1.57254
1931 1.57254
1932 1.57254
1933 1.57254
1934 1.57254
1935 1.57254
1936 1.57254
1937 1.57254
1938 1.57254
1939 1.57254
1940 1.57254
1941 1.57254
1942 1.57254
1943 1.57254
1944 1.57254
1945 1.57254
1946 1.57254
1947 1.57254
1948 1.57254
1949 1.57254
1950 1.57254
1951 1.57080
1952 1.57080
1953 1.57080
1954 1.57080
1955 1.57080
1956 1.57080
1957 1.57080
1958 1.57080
1959 1.57080
1960 1.57080
1961 1.57080
1962 1.57080
1963 1.57080
1964 1.57080
1965 1.57080
1966 1.57080
1967 1.57080
1968 1.57080
1969 1.57080
1970 1.57080
1971 1.57080
1972 1.57254
1973 1.57254
1974 1.57254
1975 1.57254
1976 1.57254
1977 1.57254
1978 1.57254
1979 1.57254
1980 1.57254
1981 1.57254
1982 1.57254
1983 1.57254
1984 1.57254
1985 1.57254
1986 1.57254
1987 1.57254
1988 1.57254
1989 1.57254
1990 1.57254
1991 1.57254
1992 1.57254
1993 1.57080
1994 1.57080
1995 1.57080
1996 1.57080
1997 1.57080
1998 1.57080
1999 1.57080
2000 1.57080
2001 1.57080
2002 1.57080
2003 1.57080
2004 1.57080
2005 1.57080
2006 1.57080
2007 1.57080
2008 1.57080
2009 1.57080
2010 1.57080
2011 1.57080
2012 1.57080
2013 1.57080
2014 1.57254
2015 1.57254
2016 1.57254
2017 1.57254
2018 1.57254
2019 1.57254
2020 1.57254
2021 1.57254
2022 1.57254
2023 1.57254
2024 1.57254
2025 1.57254
2026 1.57254
2027 1.57254
2028 1.57254
2029 1.57254
2030 1.57254
2031 1.57254
2032 1.57254
2033 1.57254
2034 1.57254
2035 1.57254
2036 1.57080
2037 1.57080
2038 1.57080
2039 1.57080
2040 1.57080
2041 1.57080
2042 1.57080
2043 1.57080
2044 1.57080
2045 1.57080
2046 1.57080
2047 1.57080
2048 1.57080
2049 1.57080
2050 1.57080
2051 1.57080
2052 1.57080
2053 1.57080
2054 1.57080
2055 1.57080
2056 1.57080
2057 1.57080
2058 1.57254
2059 1.57254
2060 1.57254
2061 1.57254
2062 1.57254
2063 1.57254
2064 1.57254
2065 1.57254
2066 1.57254
2067 1.57254
2068 1.57254
2069 1.57254
2070 1.57254
2071 1.57254
2072 1.57254
2073 1.57254
2074 1.57254
2075 1.57254
2076 1.57254
2077 1.57254
2078 1.57254
2079 1.57254
2080 1.57080
2081 1.57080
2082 1.57080
2083 1.57080
2084 1.57080
2085 1.57080
2086 1.57080
2087 1.57080
2088 1.57080
2089 1.57080
2090 1.57080
2091 1.57080
2092 1.57080
2093 1.57080
2094 1.57080
2095 1.57080
2096 1.57080
2097 1.57080
2098 1.57080
2099 1.57080
2100 1.57080
2101 1.57254
2102 1.57254
2103 1.57254
2104 1.57254
2105 1.57254
2106 1.57254
2107 1.57254
2108 1.57254
2109 1.57254
2110 1.57254
2111 1.57254
2112 1.57254
2113 1.57254
2114 1.57254
2115 1.57254
2116 1.57254
2117 1.57254
2118 1.57254
2119 1.57254
2120 1.57254
2121 1.57254
2122 1.57080
2123 1.57080
2124 1.57080
2125 1.57080
2126 1.57080
2127 1.57080
2128 1.57080
2129 1.57080
2130 1.57080
2131 1.57080
2132 1.57080
2133 1.57080
2134 1.57080
2135 1.57080
2136 1.57080
2137 1.57080
2138 1.57080
2139 1.57080
2140 1.57080
2141 1.57080
2142 1.57080
2143 1.57254
2144 1.57254
2145 1.57254
2146 1.57254
2147 1.57254
2148 1.57254
2149 1.57254
2150 1.57254
2151 1.57254
2152 1.57254
2153 1.57254
2154 1.57254
2155 1.57254
2156 1.57254
2157 1.57254
2158 1.57254
2159 1.57254
2160 1.57254
2161 1.57254
2162 1.57254
2163 1.57254
2164 1.57254
2165 1.57080
2166 1.57080
2167 1.57080
2168 1.57080
2169 1.57080
2170 1.57080
2171 1.57080
2172 1.57080
2173 1.57080
2174 1.57080
2175 1.57080
2176 1.57080
2177 1.57080
2178 1.57080
2179 1.57080
2180 1.57080
2181 1.57080
2182 1.57080
2183 1.57080
2184 1.57080
2185 1.57080
2186 1.57080
2187 1.57254
2188 1.57254
2189 1.57254
2190 1.57254
2191 1.57254
2192 1.57254
2193 1.57254
2194 1.57254
2195 1.57254
2196 1.57254
2197 1.57254
2198 1.57254
2199 1.57254
2200 1.57254
2201 1.57254
2202 1.57254
2203 1.57254
2204 1.57254
2205 1.57254
2206 1.57254
2207 1.57254
2208 1.57254
2209 1.57080
2210 1.57080
2211 1.57080
2212 1.57080
2213 1.57080
2214 1.57080
2215 1.57080
2216 1.57080
2217 1.57080
2218 1.57080
2219 1.57080
2220 1.57080
2221 1.57080
2222 1.57080
2223 1.57080
2224 1.57080
2225 1.57080
2226 1.57080
2227 1.57080
2228 1.57080
2229 1.57080
2230 1.57254
2231 1.57254
2232 1.57254
2233 1.57254
2234 1.57254
2235 1.57254
2236 1.57254
2237 1.57254
2238 1.57254
2239 1.57254
2240 1.57254
2241 1.57254
2242 1.57254
2243 1.57254
2244 1.57254
2245 1.57254
2246 1.57254
2247 1.57254
2248 1.57254
2249 1.57254
2250 1.57254
2251 1.57080
2252 1.57080
2253 1.57080
2254 1.57080
2255 1.57080
2256 1.57080
2257 1.57080
2258 1.57080
2259 1.57080
2260 1.57080
2261 1.57080
2262 1.57080
2263 1.57080
2264 1.57080
2265 1.57080
2266 1.57080
2267 1.57080
2268 1.57080
2269 1.57080
2270 1.57080
2271 1.57080
2272 1.57254
2273 1.57254
2274 1.57254
2275 1.57254
2276 1.57254
2277 1.57254
2278 1.57254
2279 1.57254
2280 1.57254
2281 1.57254
2282 1.57254
2283 1.57254
2284 1.57254
2285 1.57254
2286 1.57254
2287 1.57254
2288 1.57254
2289 1.57254
2290 1.57254
2291 1.57254
2292 1.57254
2293 1.57254
2294 1.57080
2295 1.57080
2296 1.57080
2297 1.57080
2298 1.57080
2299 1.57080
2300 1.57080
2301 1.57080
2302 1.57080
2303 1.57080
2304 1.57080
2305 1.57080
2306 1.57080
2307 1.57080
2308 1.57080
2309 1.57080
2310 1.57080
2311 1.57080
2312 1.57080
2313 1.57080
2314 1.57080
2315 1.57254
2316 1.57254
2317 1.57254
2318 1.57254
2319 1.57254
2320 1.57254
2321 1.57254
2322 1.57254
2323 1.57254
2324 1.57254
2325 1.57254
2326 1.57254
2327 1.57254
2328 1.57254
2329 1.57254
2330 1.57254
2331 1.57254
2332 1.57254
2333 1.57254
2334 1.57254
2335 1.57254
2336 1.57080
2337 1.57080
2338 1.57080
2339 1.57080
2340 1.57080
2341 1.57080
2342 1.57080
2343 1.57080
2344 1.57080
2345 1.57080
2346 1.57080
2347 1.57080
2348 1.57080
2349 1.57080
2350 1.57080
2351 1.57080
2352 1.57080
2353 1.57080
2354 1.57080
2355 1.57080
2356 1.57080
2357 1.57254
2358 1.57254
2359 1.57254
2360 1.57254
2361 1.57254
2362 1.57254
2363 1.57254
2364 1.57254
2365 1.57254
2366 1.57254
2367 1.57254
2368 1.57254
2369 1.57254
2370 1.57254
2371 1.57254
2372 1.57254
2373 1.57254
2374 1.57254
2375 1.57254
2376 1.57254
2377 1.57254
2378 1.57254
2379 1.57080
2380 1.57080
2381 1.57080
2382 1.57080
2383 1.57080
2384 1.57080
2385 1.57080
2386 1.57080
2387 1.57080
2388 1.57080
2389 1.57080
2390 1.57080
2391 1.57080
2392 1.57080
2393 1.57080
2394 1.57080
2395 1.57080
2396 1.57080
2397 1.57080
2398 1.57080
2399 1.57080
2400 1.57254
2401 1.57254
2402 1.57254
2403 1.57254
2404 1.57254
2405 1.57254
2406 1.57254
2407 1.57254
2408 1.57254
2409 1.57254
2410 1.57254
2411 1.57254
2412 1.57254
2413 1.57254
2414 1.57254
2415 1.57254
2416 1.57254
2417 1.57254
2418 1.57254
2419 1.57254
2420 1.57254
2421 1.57080
2422 1.57080
2423 1.57080
2424 1.57080
2425 1.57080
2426 1.57080
2427 1.57080
2428 1.57080
2429 1.57080
2430 1.57080
2431 1.57080
2432 1.57080
2433 1.57080
2434 1.57080
2435 1.57080
2436 1.57080
2437 1.57080
2438 1.57080
2439 1.57080
2440 1.57080
2441 1.57080
2442 1.57254
2443 1.57254
2444 1.57254
2445 1.57254
2446 1.57254
2447 1.57254
2448 1.57254
2449 1.57254
2450 1.57254
2451 1.57254
2452 1.57254
2453 1.57254
2454 1.57254
2455 1.57254
2456 1.57254
2457 1.57254
2458 1.57254
2459 1.57254
2460 1.57254
2461 1.57254
2462 1.57254
2463 1.57254
2464 1.57080
2465 1.57080
2466 1.57080
2467 1.57080
2468 1.57080
2469 1.57080
2470 1.57080
2471 1.57080
2472 1.57080
2473 1.57080
2474 1.57080
2475 1.57080
2476 1.57080
2477 1.57080
2478 1.57080
2479 1.57080
2480 1.57080
2481 1.57080
2482 1.57080
2483 1.57080
2484 1.57080
2485 1.57254
2486 1.57254
2487 1.57254
2488 1.57254
2489 1.57254
2490 1.57254
2491 1.57254
2492 1.57254
2493 1.57254
2494 1.57254
2495 1.57254
2496 1.57254
2497 1.57254
2498 1.57254
2499 1.57254
2500 1.57254
2501 1.57254
2502 1.57254
2503 1.57254
2504 1.57254
2505 1.57254
2506 1.57254
2507 1.57080
2508 1.57080
2509 1.57080
2510 1.57080
2511 1.57080
2512 1.57080
2513 1.57080
2514 1.57080
2515 1.57080
2516 1.57080
2517 1.57080
2518 1.57080
2519 1.57080
2520 1.57080
2521 1.57080
2522 1.57080
2523 1.57080
2524 1.57080
2525 1.57080
2526 1.57080
2527 1.57080
2528 1.57080
2529 1.57254
2530 1.57254
2531 1.57254
2532 1.57254
2533 1.57254
2534 1.57254
2535 1.57254
2536 1.57254
2537 1.57254
2538 1.57254
2539 1.57254
2540 1.57254
2541 1.57254
2542 1.57254
2543 1.57254
2544 1.57254
2545 1.57254
2546 1.57254
2547 1.57254
2548 1.57254
2549 1.57254
2550 1.57254
2551 1.57080
2552 1.57080
2553 1.57080
2554 1.57080
2555 1.57080
2556 1.57080
2557 1.57080
2558 1.57080
2559 1.57080
2560 1.57080
2561 1.57080
2562 1.57080
2563 1.57080
2564 1.57080
2565 1.57080
2566 1.57080
2567 1.57080
2568 1.57080
2569 1.57080
2570 1.57080
2571 1.57080
2572 1.57080
2573 1.57254
2574 1.57254
2575 1.57254
2576 1.57254
2577 1.57254
2578 1.57254
2579 1.57254
2580 1.57254
2581 1.57254
2582 1.57254
2583 1.57254
2584 1.57254
2585 1.57254
2586 1.57254
2587 1.57254
2588 1.57254
2589 1.57254
2590 1.57254
2591 1.57254
2592 1.57254
2593 1.57254
2594 1.57254
2595 1.57080
2596 1.57080
2597 1.57080
2598 1.57080
2599 1.57080
2600 1.57080
2601 1.57080
2602 1.57080
2603 1.57080
2604 1.57080
2605 1.57080
2606 1.57080
2607 1.57080
2608 1.57080
2609 1.57080
2610 1.57080
2611 1.57080
2612 1.57080
2613 1.57080
2614 1.57080
2615 1.57080
2616 1.57254
2617 1.57254
2618 1.57254
2619 1.57254
2620 1.57254
2621 1.57254
2622 1.57254
2623 1.57254
2624 1.57254
2625 1.57254
2626 1.57254
2627 1.57254
2628 1.57254
2629 1.57254
2630 1.57254
2631 1.57254
2632 1.57254
2633 1.57254
2634 1.57254
2635 1.57254
2636 1.57254
2637 1.57080
2638 1.57080
2639 1.57080
2640 1.57080
2641 1.57080
2642 1.57080
2643 1.57080
2644 1.57080
2645 1.57080
2646 1.57080
2647 1.57080
2648 1.57080
2649 1.57080
2650 1.57080
2651 1.57080
2652 1.57080
2653 1.57080
2654 1.57080
2655 1.57080
2656 1.57080
2657 1.57080
2658 1.57254
2659 1.57254
2660 1.57254
2661 1.57254
2662 1.57254
2663 1.57254
2664 1.57254
2665 1.57254
2666 1.57254
2667 1.57254
2668 1.57254
2669 1.57254
2670 1.57254
2671 1.57254
2672 1.57254
2673 1.57254
2674 1.57254
2675 1.57254
2676 1.57254
2677 1.57254
2678 1.57254
2679 1.57254
2680 1.57080
2681 1.57080
2682 1.57080
2683 1.57080
2684 1.57080
2685 1.57080
2686 1.57080
2687 1.57080
2688 1.57080
2689 1.57080
2690 1.57080
2691 1.57080
2692 1.57080
2693 1.57080
2694 1.57080
2695 1.57080
2696 1.57080
2697 1.57080
2698 1.57080
2699 1.57080
2700 1.57080
2701 1.57080
2702 1.57254
2703 1.57254
2704 1.57254
2705 1.57254
2706 1.57254
2707 1.57254
2708 1.57254
2709 1.57254
2710 1.57254
2711 1.57254
2712 1.57254
2713 1.57254
2714 1.57254
2715 1.57254
2716 1.57254
2717 1.57254
2718 1.57254
2719 1.57254
2720 1.57254
2721 1.57254
2722 1.57254
2723 1.57254
2724 1.57080
2725 1.57080
2726 1.57080
2727 1.57080
2728 1.57080
2729 1.57080
2730 1.57080
2731 1.57080
2732 1.57080
2733 1.57080
2734 1.57080
2735 1.57080
2736 1.57080
2737 1.57080
2738 1.57080
2739 1.57080
2740 1.57080
2741 1.57080
2742 1.57080
2743 1.57080
2744 1.57080
2745 1.57254
2746 1.57254
2747 1.57254
2748 1.57254
2749 1.57254
2750 1.57254
2751 1.57254
2752 1.57254
2753 1.57254
2754 1.57254
2755 1.57254
2756 1.57254
2757 1.57254
2758 1.57254
2759 1.57254
2760 1.57254
2761 1.57254
2762 1.57254
2763 1.57254
2764 1.57254
2765 1.57254
2766 1.57254
2767 1.57080
2768 1.57080
2769 1.57080
2770 1.57080
2771 1.57080
2772 1.57080
2773 1.57080
2774 1.57080
2775 1.57080
2776 1.57080
2777 1.57080
2778 1.57080
2779 1.57080
2780 1.57080
2781 1.57080
2782 1.57080
2783 1.57080
2784 1.57080
2785 1.57080
2786 1.57080
2787 1.57080
2788 1.57080
2789 1.57254
2790 1.57254
2791 1.57254
2792 1.57254
2793 1.57254
2794 1.57254
2795 1.57254
2796 1.57254
2797 1.57254
2798 1.57254
2799 1.57254
2800 1.57254
2801 1.57254
2802 1.57254
2803 1.57254
2804 1.57254
2805 1.57254
2806 1.57254
2807 1.57254
2808 1.57254
2809 1.57254
2810 1.57254
2811 1.57080
2812 1.57080
2813 1.57080
2814 1.57080
2815 1.57080
2816 1.57080
2817 1.57080
2818 1.57080
2819 1.57080
2820 1.57080
2821 1.57080
2822 1.57080
2823 1.57080
2824 1.57080
2825 1.57080
2826 1.57080
2827 1.57080
2828 1.57080
2829 1.57080
2830 1.57080
2831 1.57080
2832 1.57080
2833 1.57254
2834 1.57254
2835 1.57254
2836 1.57254
2837 1.57254
2838 1.57254
2839 1.57254
2840 1.57254
2841 1.57254
2842 1.57254
2843 1.57254
2844 1.57254
2845 1.57254
2846 1.57254
2847 1.57254
2848 1.57254
2849 1.57254
2850 1.57254
2851 1.57254
2852 1.57254
2853 1.57254
2854 1.57254
2855 1.57080
2856 1.57080
2857 1.57080
2858 1.57080
2859 1.57080
2860 1.57080
2861 1.57080
2862 1.57080
2863 1.57080
2864 1.57080
2865 1.57080
2866 1.57080
2867 1.57080
2868 1.57080
2869 1.57080
2870 1.57080
2871 1.57080
2872 1.57080
2873 1.57080
2874 1.57080
2875 1.57080
2876 1.57254
2877 1.57254
2878 1.57254
2879 1.57254
2880 1.57254
2881 1.57254
2882 1.57254
2883 1.57254
2884 1.57254
2885 1.57254
2886 1.57254
2887 1.57254
2888 1.57254
2889 1.57254
2890 1.57254
2891 1.57254
2892 1.57254
2893 1.57254
2894 1.57254
2895 1.57254
2896 1.57254
2897 1.57080
2898 1.57080
2899 1.57080
2900 1.57080
2901 1.57080
2902 1.57080
2903 1.57080
2904 1.57080
2905 1.57080
2906 1.57080
2907 1.57080
2908 1.57080
2909 1.57080
2910 1.57080
2911 1.57080
2912 1.57080
2913 1.57080
2914 1.57080
2915 1.57080
2916 1.57080
2917 1.57080
2918 1.57254
2919 1.57254
2920 1.57254
2921 1.57254
2922 1.57254
2923 1.57254
2924 1.57254
2925 1.57254
2926 1.57254
2927 1.57254
2928 1.57254
2929 1.57254
2930 1.57254
2931 1.57254
2932 1.57254
2933 1.57254
2934 1.57254
2935 1.57254
2936 1.57254
2937 1.57254
2938 1.57254
2939 1.57254
2940 1.57080
2941 1.57080
2942 1.57080
2943 1.57080
2944 1.57080
2945 1.57080
2946 1.57080
2947 1.57080
2948 1.57080
2949 1.57080
2950 1.57080
2951 1.57080
2952 1.57080
2953 1.57080
2954 1.57080
2955 1.57080
2956 1.57080
2957 1.57080
2958 1.57080
2959 1.57080
2960 1.57080
2961 1.57254
2962 1.57254
2963 1.57254
2964 1.57254
2965 1.57254
2966 1.57254
2967 1.57254
2968 1.57254
2969 1.57254
2970 1.57254
2971 1.57254
2972 1.57254
2973 1.57254
2974 1.57254
2975 1.57254
2976 1.57254
2977 1.57254
2978 1.57254
2979 1.57254
2980 1.57254
2981 1.57254
2982 1.57080
2983 1.57080
2984 1.57080
2985 1.57080
2986 1.57080
2987 1.57080
2988 1.57080
2989 1.57080
2990 1.57080
2991 1.57080
2992 1.57080
2993 1.57080
2994 1.57080
2995 1.57080
2996 1.57080
2997 1.57080
2998 1.57080
2999 1.57080
3000 1.57080
3001 1.57080
3002 1.57080
3003 1.57254
3004 1.57254
3005 1.57254
3006 1.57254
3007 1.57254
3008 1.57254
3009 1.57254
3010 1.57254
3011 1.57254
3012 1.57254
3013 1.57254
3014 1.57254
3015 1.57254
3016 1.57254
3017 1.57254
3018 1.57254
3019 1.57254
3020 1.57254
3021 1.57254
3022 1.57254
3023 1.57254
3024 1.57080
3025 1.57080
3026 1.57080
3027 1.57080
3028 1.57080
3029 1.57080
3030 1.57080
3031 1.57080
3032 1.57080
3033 1.57080
3034 1.57080
3035 1.57080
3036 1.57080
3037 1.57080
3038 1.57080
3039 1.57080
3040 1.57080
3041 1.57080
3042 1.57080
3043 1.57080
3044 1.57080
3045 1.57254
3046 1.57254
3047 1.57254
3048 1.57254
3049 1.57254
3050 1.57254
3051 1.57254
3052 1.57254
3053 1.57254
3054 1.57254
3055 1.57254
3056 1.57254
3057 1.57254
3058 1.57254
3059 1.57254
3060 1.57254
3061 1.57254
3062 1.57254
3063 1.57254
3064 1.57254
3065 1.57254
3066 1.57080
3067 1.57080
3068 1.57080
3069 1.57080
3070 1.57080
3071 1.57080
3072 1.57080
3073 1.57080
3074 1.57080
3075 1.57080
3076 1.57080
3077 1.57080
3078 1.57080
3079 1.57080
3080 1.57080
3081 1.57080
3082 1.57080
3083 1.57080
3084 1.57080
3085 1.57080
3086 1.57080
3087 1.57254
3088 1.57254
3089 1.57254
3090 1.57254
3091 1.57254
3092 1.57254
3093 1.57254
3094 1.57254
3095 1.57254
3096 1.57254
3097 1.57254
3098 1.57254
3099 1.57254
3100 1.57254
3101 1.57254
3102 1.57254
3103 1.57254
3104 1.57254
3105 1.57254
3106 1.57254
3107 1.57254
3108 1.57254
3109 1.57080
3110 1.57080
3111 1.57080
3112 1.57080
3113 1.57080
3114 1.57080
3115 1.57080
3116 1.57080
3117 1.57080
3118 1.57080
3119 1.57080
3120 1.57080
3121 1.57080
3122 1.57080
3123 1.57080
3124 1.57080
3125 1.57080
3126 1.57080
3127 1.57080
3128 1.57080
3129 1.57080
3130 1.57080
3131 1.57254
3132 1.57254
3133 1.57254
3134 1.57254
3135 1.57254
3136 1.57254
3137 1.57254
3138 1.57254
3139 1.57254
3140 1.57254
3141 1.57254
3142 1.57254
3143 1.57254
3144 1.57254
3145 1.57254
3146 1.57254
3147 1.57254
3148 1.57254
3149 1.57254
3150 1.57254
3151 1.57254
3152 1.57254
3153 1.57080
3154 1.57080
3155 1.57080
3156 1.57080
3157 1.57080
3158 1.57080
3159 1.57080
3160 1.57080
3161 1.57080
3162 1.57080
3163 1.57080
3164 1.57080
3165 1.57080
3166 1.57080
3167 1.57080
3168 1.57080
3169 1.57080
3170 1.57080
3171 1.57080
3172 1.57080
3173 1.57080
3174 1.57254
3175 1.57254
3176 1.57254
3177 1.57254
3178 1.57254
3179 1.57254
3180 1.57254
3181 1.57254
3182 1.57254
3183 1.57254
3184 1.57254
3185 1.57254
3186 1.57254
3187 1.57254
3188 1.57254
3189 1.57254
3190 1.57254
3191 1.57254
3192 1.57254
3193 1.57254
3194 1.57254
3195 1.57254
3196 1.57080
3197 1.57080
3198 1.57080
3199 1.57080
3200 1.57080
3201 1.57080
3202 1.57080
3203 1.57080
3204 1.57080
3205 1.57080
3206 1.57080
3207 1.57080
3208 1.57080
3209 1.57080
3210 1.57080
3211 1.57080
3212 1.57080
3213 1.57080
3214 1.57080
3215 1.57080
3216 1.57080
3217 1.57080
3218 1.57254
3219 1.57254
3220 1.57254
3221 1.57254
3222 1.57254
3223 1.57254
3224 1.57254
3225 1.57254
3226 1.57254
3227 1.57254
3228 1.57254
3229 1.57254
3230 1.57254
3231 1.57254
3232 1.57254
3233 1.57254
3234 1.57254
3235 1.57254
3236 1.57254
3237 1.57254
3238 1.57254
3239 1.57254
3240 1.57080
3241 1.57080
3242 1.57080
3243 1.57080
3244 1.57080
3245 1.57080
3246 1.57080
3247 1.57080
3248 1.57080
3249 1.57080
3250 1.57080
3251 1.57080
3252 1.57080
3253 1.57080
3254 1.57080
3255 1.57080
3256 1.57080
3257 1.57080
3258 1.57080
3259 1.57080
3260 1.57080
3261 1.57080
3262 1.57254
3263 1.57254
3264 1.57254
3265 1.57254
3266 1.57254
3267 1.57254
3268 1.57254
3269 1.57254
3270 1.57254
3271 1.57254
3272 1.57254
3273 1.57254
3274 1.57254
3275 1.57254
3276 1.57254
3277 1.57254
3278 1.57254
3279 1.57254
3280 1.57254
3281 1.57254
3282 1.57254
3283 1.57254
3284 1.57080
3285 1.57080
3286 1.57080
3287 1.57080
3288 1.57080
3289 1.57080
3290 1.57080
3291 1.57080
3292 1.57080
3293 1.57080
3294 1.57080
3295 1.57080
3296 1.57080
3297 1.57080
3298 1.57080
3299 1.57080
3300 1.57080
3301 1.57080
3302 1.57080
3303 1.57080
3304 1.57080
3305 1.57080
3306 1.57254
3307 1.57254
3308 1.57254
3309 1.57254
3310 1.57254
3311 1.57254
3312 1.57254
3313 1.57254
3314 1.57254
3315 1.57254
3316 1.57254
3317 1.57254
3318 1.57254
3319 1.57254
3320 1.57254
3321 1.57254
3322 1.57254
3323 1.57254
3324 1.57254
3325 1.57254
3326 1.57254
3327 1.57254
3328 1.57080
3329 1.57080
3330 1.57080
3331 1.57080
3332 1.57080
3333 1.57080
3334 1.57080
3335 1.57080
3336 1.57080
3337 1.57080
3338 1.57080
3339 1.57080
3340 1.57080
3341 1.57080
3342 1.57080
3343 1.57080
3344 1.57080
3345 1.57080
3346 1.57080
3347 1.57080
3348 1.57080
3349 1.57254
3350 1.57254
3351 1.57254
3352 1.57254
3353 1.57254
3354 1.57254
3355 1.57254
3356 1.57254
3357 1.57254
3358 1.57254
3359 1.57254
3360 1.57254
3361 1.57254
3362 1.57254
3363 1.57254
3364 1.57254
3365 1.57254
3366 1.57254
3367 1.57254
3368 1.57254
3369 1.57254
3370 1.57080
3371 1.57080
3372 1.57080
3373 1.57080
3374 1.57080
3375 1.57080
3376 1.57080
3377 1.57080
3378 1.57080
3379 1.57080
3380 1.57080
3381 1.57080
3382 1.57080
3383 1.57080
3384 1.57080
3385 1.57080
3386 1.57080
3387 1.57080
3388 1.57080
3389 1.57080
3390 1.57254
3391 1.57254
3392 1.57254
3393 1.57254
3394 1.57254
3395 1.57254
3396 1.57254
3397 1.57254
3398 1.57254
3399 1.57254
3400 1.57254
3401 1.57254
3402 1.57254
3403 1.57254
3404 1.57254
3405 1.57254
3406 1.57254
3407 1.57254
3408 1.57254
3409 1.57254
3410 1.57254
3411 1.57080
3412 1.57080
3413 1.57080
3414 1.57080
3415 1.57080
3416 1.57080
3417 1.57080
3418 1.57080
3419 1.57080
3420 1.57080
3421 1.57080
3422 1.57080
3423 1.57080
3424 1.57080
3425 1.57080
3426 1.57080
3427 1.57080
3428 1.57080
3429 1.57080
3430 1.57080
3431 1.57080
3432 1.57080
3433 1.57254
3434 1.57254
3435 1.57254
3436 1.57254
3437 1.57254
3438 1.57254
3439 1.57254
3440 1.57254
3441 1.57254
3442 1.57254
3443 1.57254
3444 1.57254
3445 1.57254
3446 1.57254
3447 1.57254
3448 1.57254
3449 1.57254
3450 1.57254
3451 1.57254
3452 1.57254
3453 1.57254
3454 1.57254
3455 1.57080
3456 1.57080
3457 1.57080
3458 1.57080
3459 1.57080
3460 1.57080
3461 1.57080
3462 1.57080
3463 1.57080
3464 1.57080
3465 1.57080
3466 1.57080
3467 1.57080
3468 1.57080
3469 1.57080
3470 1.57080
3471 1.57080
3472 1.57080
3473 1.57080
3474 1.57080
3475 1.57080
3476 1.57254
3477 1.57254
3478 1.57254
3479 1.57254
3480 1.57254
3481 1.57254
3482 1.57254
3483 1.57254
3484 1.57254
3485 1.57254
3486 1.57254
3487 1.57254
3488 1.57254
3489 1.57254
3490 1.57254
3491 1.57254
3492 1.57254
3493 1.57254
3494 1.57254
3495 1.57254
3496 1.57254
3497 1.57080
3498 1.57080
3499 1.57080
3500 1.57080
3501 1.57080
3502 1.57080
3503 1.57080
3504 1.57080
3505 1.57080
3506 1.57080
3507 1.57080
3508 1.57080
3509 1.57080
3510 1.57080
3511 1.57080
3512 1.57080
3513 1.57080
3514 1.57080
3515 1.57080
3516 1.57080
3517 1.57080
3518 1.57080
3519 1.57254
3520 1.57254
3521 1.57254
3522 1.57254
3523 1.57254
3524 1.57254
3525 1.57254
3526 1.57254
3527 1.57254
3528 1.57254
3529 1.57254
3530 1.57254
3531 1.57254
3532 1.57254
3533 1.57254
3534 1.57254
3535 1.57254
3536 1.57254
3537 1.57254
3538 1.57254
3539 1.57254
3540 1.57254
3541 1.57080
3542 1.57080
3543 1.57080
3544 1.57080
3545 1.57080
3546 1.57080
3547 1.57080
3548 1.57080
3549 1.57080
3550 1.57080
3551 1.57080
3552 1.57080
3553 1.57080
3554 1.57080
3555 1.57080
3556 1.57080
3557 1.57080
3558 1.57080
3559 1.57080
3560 1.57080
3561 1.57080
3562 1.57254
3563 1.57254
3564 1.57254
3565 1.57254
3566 1.57254
3567 1.57254
3568 1.57254
3569 1.57254
3570 1.57254
3571 1.57254
3572 1.57254
3573 1.57254
3574 1.57254
3575 1.57254
3576 1.57254
3577 1.57254
3578 1.57254
3579 1.57254
3580 1.57254
3581 1.57254
3582 1.57254
3583 1.57080
3584 1.57080
3585 1.57080
3586 1.57080
3587 1.57080
3588 1.57080
3589 1.57080
3590 1.57080
3591 1.57080
3592 1.57080
3593 1.57080
3594 1.57080
3595 1.57080
3596 1.57080
3597 1.57080
3598 1.57080
3599 1.57080
3600 1.57080
3601 1.57080
3602 1.57080
3603 1.57080
3604 1.57080
3605 1.57254
3606 1.57254
3607 1.57254
3608 1.57254
3609 1.57254
3610 1.57254
3611 1.57254
3612 1.57254
3613 1.57254
3614 1.57254
3615 1.57254
3616 1.57254
3617 1.57254
3618 1.57254
3619 1.57254
3620 1.57254
3621 1.57254
3622 1.57254
3623 1.57254
3624 1.57254
3625 1.57254
3626 1.57254
3627 1.57080
3628 1.57080
3629 1.57080
3630 1.57080
3631 1.57080
3632 1.57080
3633 1.57080
3634 1.57080
3635 1.57080
3636 1.57080
3637 1.57080
3638 1.57080
3639 1.57080
3640 1.57080
3641 1.57080
3642 1.57080
3643 1.57080
3644 1.57080
3645 1.57080
3646 1.57080
3647 1.57080
3648 1.57254
3649 1.57254
3650 1.57254
3651 1.57254
3652 1.57254
3653 1.57254
3654 1.57254
3655 1.57254
3656 1.57254
3657 1.57254
3658 1.57254
3659 1.57254
3660 1.57254
3661 1.57254
3662 1.57254
3663 1.57254
3664 1.57254
3665 1.57254
3666 1.57254
3667 1.57254
3668 1.57254
3669 1.57080
3670 1.57080
3671 1.57080
3672 1.57080
3673 1.57080
3674 1.57080
3675 1.57080
3676 1.57080
3677 1.57080
3678 1.57080
3679 1.57080
3680 1.57080
3681 1.57080
3682 1.57080
3683 1.57080
3684 1.57080
3685 1.57080
3686 1.57080
3687 1.57080
3688 1.57080
3689 1.57080
3690 1.57254
3691 1.57254
3692 1.57254
3693 1.57254
3694 1.57254
3695 1.57254
3696 1.57254
3697 1.57254
3698 1.57254
3699 1.57254
3700 1.57254
3701 1.57254
3702 1.57254
3703 1.57254
3704 1.57254
3705 1.57254
3706 1.57254
3707 1.57254
3708 1.57254
3709 1.57254
3710 1.57254
3711 1.57080
3712 1.57080
3713 1.57080
3714 1.57080
3715 1.57080
3716 1.57080
3717 1.57080
3718 1.57080
3719 1.57080
3720 1.57080
3721 1.57080
3722 1.57080
3723 1.57080
3724 1.57080
3725 1.57080
3726 1.57080
3727 1.57080
3728 1.57080
3729 1.57080
3730 1.57080
3731 1.57080
3732 1.57080
3733 1.57254
3734 1.57254
3735 1.57254
3736 1.57254
3737 1.57254
3738 1.57254
3739 1.57254
3740 1.57254
3741 1.57254
3742 1.57254
3743 1.57254
3744 1.57254
3745 1.57254
3746 1.57254
3747 1.57254
3748 1.57254
3749 1.57254
3750 1.57254
3751 1.57254
3752 1.57254
3753 1.57254
3754 1.57254
3755 1.57080
3756 1.57080
3757 1.57080
3758 1.57080
3759 1.57080
3760 1.57080
3761 1.57080
3762 1.57080
3763 1.57080
3764 1.57080
3765 1.57080
3766 1.57080
3767 1.57080
3768 1.57080
3769 1.57080
3770 1.57080
3771 1.57080
3772 1.57080
3773 1.57080
3774 1.57080
3775 1.57080
3776 1.57080
3777 1.57254
3778 1.57254
3779 1.57254
3780 1.57254
3781 1.57254
3782 1.57254
3783 1.57254
3784 1.57254
3785 1.57254
3786 1.57254
3787 1.57254
3788 1.57254
3789 1.57254
3790 1.57254
3791 1.57254
3792 1.57254
3793 1.57254
3794 1.57254
3795 1.57254
3796 1.57254
3797 1.57254
3798 1.57254
3799 1.57080
3800 1.57080
3801 1.57080
3802 1.57080
3803 1.57080
3804 1.57080
3805 1.57080
3806 1.57080
3807 1.57080
3808 1.57080
3809 1.57080
3810 1.57080
3811 1.57080
3812 1.57080
3813 1.57080
3814 1.57080
3815 1.57080
3816 1.57080
3817 1.57080
3818 1.57080
3819 1.57080
3820 1.57080
3821 1.57254
3822 1.57254
3823 1.57254
3824 1.57254
3825 1.57254
3826 1.57254
3827 1.57254
3828 1.57254
3829 1.57254
3830 1.57254
3831 1.57254
3832 1.57254
3833 1.57254
3834 1.57254
3835 1.57254
3836 1.57254
3837 1.57254
3838 1.57254
3839 1.57254
3840 1.57254
3841 1.57254
3842 1.57254
3843 1.57254
3844 1.57080
3845 1.57080
3846 1.57080
3847 1.57080
3848 1.57080
3849 1.57080
3850 1.57080
3851 1.57080
3852 1.57080
3853 1.57080
3854 1.57080
3855 1.57080
3856 1.57080
3857 1.57080
3858 1.57080
3859 1.57080
3860 1.57080
3861 1.57080
3862 1.57080
3863 1.57080
3864 1.57080
3865 1.57080
3866 1.57080
3867 1.57254
3868 1.57254
3869 1.57254
3870 1.57254
3871 1.57254
3872 1.57254
3873 1.57254
3874 1.57254
3875 1.57254
3876 1.57254
3877 1.57254
3878 1.57254
3879 1.57254
3880 1.57254
3881 1.57254
3882 1.57254
3883 1.57254
3884 1.57254
3885 1.57254
3886 1.57254
3887 1.57254
3888 1.57254
3889 1.57080
3890 1.57080
3891 1.57080
3892 1.57080
3893 1.57080
3894 1.57080
3895 1.57080
3896 1.57080
3897 1.57080
3898 1.57080
3899 1.57080
3900 1.57080
3901 1.57080
3902 1.57080
3903 1.57080
3904 1.57080
3905 1.57080
3906 1.57080
3907 1.57080
3908 1.57080
3909 1.57080
3910 1.57080
3911 1.57254
3912 1.57254
3913 1.57254
3914 1.57254
3915 1.57254
3916 1.57254
3917 1.57254
3918 1.57254
3919 1.57254
3920 1.57254
3921 1.57254
3922 1.57254
3923 1.57254
3924 1.57254
3925 1.57254
3926 1.57254
3927 1.57254
3928 1.57254
3929 1.57254
3930 1.57254
3931 1.57254
3932 1.57254
3933 1.57080
3934 1.57080
3935 1.57080
3936 1.57080
3937 1.57080
3938 1.57080
3939 1.57080
3940 1.57080
3941 1.57080
3942 1.57080
3943 1.57080
3944 1.57080
3945 1.57080
3946 1.57080
3947 1.57080
3948 1.57080
3949 1.57080
3950 1.57080
3951 1.57080
3952 1.57080
3953 1.57080
3954 1.57080
3955 1.57254
3956 1.57254
3957 1.57254
3958 1.57254
3959 1.57254
3960 1.57254
3961 1.57254
3962 1.57254
3963 1.57254
3964 1.57254
3965 1.57254
3966 1.57254
3967 1.57254
3968 1.57254
3969 1.57254
3970 1.57254
3971 1.57254
3972 1.57254
3973 1.57254
3974 1.57254
3975 1.57254
3976 1.57254
3977 1.57080
3978 1.57080
3979 1.57080
3980 1.57080
3981 1.57080
3982 1.57080
3983 1.57080
3984 1.57080
3985 1.57080
3986 1.57080
3987 1.57080
3988 1.57080
3989 1.57080
3990 1.57080
3991 1.57080
3992 1.57080
3993 1.57080
3994 1.57080
3995 1.57080
3996 1.57080
3997 1.57080
3998 1.57080
3999 1.57254
4000 1.57254
